0	11.01	5.48	11.5
0	0.57	5.26	1.06
0	3.89	4.37	4.38
0	2.49	3.55	2.98
0	1.19	3.52	1.68
0.01	0.024	3.47	0.48
0	0.94	1.62	1.44
0	0.93	0.65	1.42
0	0.43	-0.07	0.92
0.11	0.019	-1.35	0.38
0	0.88	-1.79	1.48
0	0.01	-1.75	0.5
0	2.13	1.14	2.62
0	0.15	2.3	0.64
0	0.41	3.65	0.9
0	1.69	0.51	2.18
0.13	0.018	1.86	0.36
0	3.52	3.4	4.14
0.31	0.009	4.58	0.18
0	2.54	1.73	3.34
0.17	0.016	1.91	0.32
0.58	0.004	2.76	0.08
0.97	0.005	4.94	0.1
0.44	0.051	4.07	1.02
0.75	0.009	0.92	0.18
1.2	0.002	1.47	0.04
0	0.81	1.21	2.5
0.09	0.02	2.21	0.4
0	0.18	3.98	0.76
0.49	0	5.56	0
0.94	0.002	4.78	0.04
1.49	0.004	4.2	0.08
2.12	0	4.51	0
2.67	0.004	8.83	0.08
0	1.42	6.17	4.72
0	1.41	1.75	2.04
0	2.67	1.53	3.3
0	0.69	-2.03	1.32
0	4.23	-4.81	4.86
0	4.65	-2.85	5.28
0	2.01	0.08	2.64
0	0.13	2.29	0.76
0	0.55	1.89	1.18
0.41	0.011	1.6	0.22
1.02	0.001	3.03	0.02
0	2.23	5.67	3.88
0	2.05	0.91	2.68
0	0.59	1.05	1.22
0.11	0.026	3.96	0.52
0.44	0.015	5.06	0.3
0	3.81	3.21	4.88
0	3.29	2.27	3.92
0	8.15	0.44	8.78
0.53	0.005	0.86	0.1
0.3	0.043	0.36	0.86
0.85	0.004	3.44	0.08
1.32	0.008	4.49	0.16
1.33	0.031	2.68	0.62
0.66	0.065	2.6	1.3
1.45	0.02	3	0.4
0.2	0.122	1.36	2.44
0	10.73	2.16	12.12
0	1.45	1.66	2.64
0	1.35	1.91	2.54
0	1.15	2.14	2.34
1.15	0.002	2.39	0.04
1.84	0.025	1.49	0.5
2.03	0.05	1.15	1
3.22	0	1.63	0
4.31	0.005	3.04	0.1
4.3	0.06	5.27	1.2
5.13	0.018	5.75	0.36
6.32	0	5.73	0
6.97	0.027	7.93	0.54
8.16	0	10.43	0
9.33	0.001	12.84	0.02
10.06	0.023	5.97	0.46
11.21	0.002	5.5	0.04
8.18	0.211	6.62	4.22
6.75	0.131	5.84	2.62
0	0.34	3.24	8.28
0	0.41	5.22	1.6
1.17	0.001	7.15	0.02
2.36	0	5.88	0
3.39	0.008	3	0.16
4.58	0	2.68	0
4.79	0.049	1.87	0.98
5.02	0.048	7.36	0.96
6.19	0.001	8.73	0.02
7.38	0	5.78	0
8.98	0	9.15	0
10.54	0.002	7.2	0.04
12.14	0	8.72	0
13.48	0.013	7.49	0.26
11.52	0.178	10.76	3.56
12.12	0.05	8.75	1
13.06	0.033	9.56	0.66
14.66	0	10.47	0
16.26	0	12.31	0
17.74	0.006	9.79	0.12
18.94	0.02	6.71	0.4
11.82	0.436	5.53	8.72
11.68	0.087	1.43	1.74
0	3.1	-0.51	16.38
0	2.72	2.21	4.32
0.34	0.063	0.96	1.26
1.56	0.019	2.26	0.38
2	0.058	2.56	1.16
1.54	0.103	2.8	2.06
0	27.94	4.41	31.08
0	0.68	6.17	2.28
0.76	0.042	8.94	0.84
2.3	0.003	6.78	0.06
3.9	0	7.33	0
5.16	0.017	8.14	0.34
6.76	0	9.1	0
8.36	0	12.28	0
9.96	0	9.94	0
11.56	0	13.8	0
13.16	0	9	0
15.58	0	7.66	0
18	0	8.82	0
20.42	0	11.15	0
22.84	0	9.49	0
25.26	0	8.58	0
25.02	0.133	8.02	2.66
21.82	0.281	7.68	5.62
17.44	0.34	8.79	6.8
16.86	0.15	10.04	3
16.24	0.152	12.29	3.04
17.58	0.054	9.14	1.08
17.18	0.141	10.14	2.82
19.36	0.012	9.14	0.24
21.64	0.007	9.71	0.14
23.02	0.052	9.62	1.04
25.28	0.008	8.99	0.16
27.7	0	7.97	0
30.12	0	7.05	0
32.5	0.002	8.73	0.04
34.8	0.006	10.55	0.12
34.62	0.13	11.08	2.6
37.04	0	8.31	0
39.42	0.002	11.41	0.04
41.72	0.006	9.65	0.12
44.1	0.002	10.32	0.04
46.52	0	13.05	0
48.6	0.017	12.78	0.34
36.1	0.746	10.58	14.92
32.8	0.286	7.69	5.72
35.22	0	7.56	0
37.64	0	9.41	0
40.23	0	13.34	0
38.08	0.237	13.33	4.74
34.59	0.304	9.48	6.08
19.82	0.868	9.79	17.36
9.53	0.644	9.07	12.88
1.84	0.514	8.08	10.28
2.35	0.104	8.58	2.08
4.88	0.003	8.76	0.06
7.47	0	9.35	0
9.6	0.023	10.02	0.46
11.87	0.016	8.95	0.32
8.88	0.279	9.74	5.58
8.73	0.137	11.22	2.74
11.18	0.007	13.98	0.14
13.71	0.003	11.74	0.06
14.92	0.069	14.7	1.38
17.49	0.001	11.4	0.02
19	0.054	14.21	1.08
18.17	0.171	13.19	3.42
19.04	0.086	9.84	1.72
19.79	0.092	8.75	1.84
22.36	0.001	6.88	0.02
24.95	0	9.47	0
27.54	0	13.08	0
30.13	0	14.74	0
32.58	0.007	14.17	0.14
14.67	8.2	12.58	20.5
13.38	0.194	12.32	3.88
14.03	0.097	11.48	1.94
15.62	0.05	12.44	1
18.46	0.001	13.8	0.02
20.76	0.028	13.23	0.56
14.22	0.47	14.26	9.4
9.64	0.372	15.37	7.44
0	3.24	14.29	15.74
0	2.14	14.46	5
0	1.42	15.75	4.28
2.82	0.002	18.48	0.04
5.68	0	16.86	0
0	3.04	16.28	11.58
2.84	0.001	16.09	0.02
5.6	0.005	17.1	0.1
7.88	0.029	14.45	0.58
9.48	0.063	12.6	1.26
12.08	0.013	11.3	0.26
13.34	0.08	13.52	1.6
15.48	0.036	13.04	0.72
16.04	0.115	12.5	2.3
17.46	0.072	15	1.44
16.92	0.17	16.4	3.4
17.1	0.134	13.73	2.68
19.78	0.009	12.79	0.18
22.64	0	16.1	0
25.46	0.002	16.42	0.04
28.32	0	12.79	0
31.18	0	11.28	0
34.04	0	12.23	0
36.86	0.002	12.86	0.04
39.72	0	13.63	0
42.58	0	14.17	0
45.44	0	15.98	0
47.94	0	16.9	0
50.44	0	16.46	0
52.94	0	17.56	0
55.44	0	18.73	0
57.6	0.017	14.14	0.34
60.1	0	14.61	0
62.6	0	13.13	0
64.96	0.007	11.35	0.14
67.36	0.005	9.95	0.1
69.82	0.002	9.5	0.04
72.32	0	8.3	0
72.02	0.14	10.17	2.8
73.04	0.074	14.64	1.48
64.86	0.534	12.59	10.68
65.22	0.107	12.28	2.14
66.34	0.069	12.27	1.38
68.5	0.017	10.16	0.34
70.54	0.023	12.76	0.46
72.1	0.047	11.3	0.94
74.46	0.007	9.39	0.14
76.96	0	7.74	0
79.46	0	10.58	0
81.92	0.002	9.86	0.04
84.42	0	8.52	0
83.12	0.19	11.37	3.8
85.5	0.006	16.59	0.12
88	0	14.59	0
90.5	0	14.21	0
91.74	0.063	12.98	1.26
94.14	0.005	14.28	0.1
96.4	0.012	15.3	0.24
97.93	0	15.73	0
99.46	0	19.95	0
100.99	0	18.36	0
102.52	0	14.6	0
104.05	0	17.72	0
84.02	8.624	17.52	21.56
85.43	0.006	13.83	0.12
84.76	0.11	11.66	2.2
86.21	0.004	11.89	0.08
87.74	0	12.58	0
81.65	0.381	14.71	7.62
79.82	0.168	11.56	3.36
81.09	0.013	10.77	0.26
82.52	0.005	8.85	0.1
84.01	0.002	8.51	0.04
81.38	0.208	11.72	4.16
81.07	0.092	8.05	1.84
78.08	0.226	9.55	4.52
66.57	0.652	13.38	13.04
19.86	19.296	13.66	48.24
21.27	0.006	14.3	0.12
14.72	0.404	12.5	8.08
14.43	0.091	13.42	1.82
14.96	0.05	12.92	1
0	0.03	12.69	16.52
0	1.21	9.95	2.74
0	0.41	10.68	1.94
0	11.47	10.68	13
0	4.29	7.47	5.82
0.83	0.035	8.8	0.7
0.86	0.054	7.27	1.08
0	1.81	5.79	3.78
0	7.89	7.12	9
0	1.77	6.08	2.88
1.01	0.005	4.61	0.1
0	1.7	5.33	3.82
0.59	0.026	8.19	0.52
0.36	0.067	7.95	1.34
1.31	0.008	11.37	0.16
2.14	0.014	12.26	0.28
3.25	0	8.1	0
4.36	0	8.03	0
5.47	0	11.33	0
6.54	0.002	8.1	0.04
7.37	0.014	8.79	0.28
8.3	0.009	8.47	0.18
8.95	0.023	9.06	0.46
9.64	0.021	8.04	0.42
2.95	0.39	6.97	7.8
0.68	0.169	6.87	3.38
0	17.53	7.6	19.32
0	6.19	9.33	7.3
0	0.51	10.45	1.62
0	12.25	9.76	13.36
0	3.61	9.74	4.72
0	1.61	9.12	2.72
0.97	0.007	8.64	0.14
2.08	0	7.25	0
3.09	0.005	7.28	0.1
2.9	0.065	10.58	1.3
3.89	0.006	8.6	0.12
4.34	0.015	9.96	0.3
4.85	0.012	7.94	0.24
5.6	0	7.22	0
0	0.37	11.06	6.72
0	7.99	6.91	8.74
0.41	0.017	5.05	0.34
0.6	0.028	3.91	0.56
1.35	0	6.64	0
2.06	0.002	7.48	0.04
2.35	0.023	4.3	0.46
3.1	0	5.19	0
3.85	0	6.01	0
3.98	0.031	7.09	0.62
4.61	0.006	7.6	0.12
5.18	0.009	4.27	0.18
3.59	0.117	2.46	2.34
0	0.46	0.45	4.8
0	7.79	1.25	8.54
0	0.71	2.39	1.46
0.75	0	2.54	0
0.72	0.039	2.63	0.78
1.43	0.002	5.16	0.04
0.42	0.088	6.03	1.76
1.07	0.005	5.79	0.1
1.42	0.02	5.82	0.4
0.17	0.1	5.89	2
0	0.82	4.99	1.74
0	21.39	4.72	22.14
0	2.25	4.99	3
0	7.05	4.98	7.8
0	0.6	2.93	0.96
0	9.52	1.72	9.88
0	2.58	-0.37	2.94
0	4.7	-1.7	5.06
0	1.52	2.8	1.88
0	0.12	4.77	0.48
0.3	0.003	3.29	0.06
0	1.3	3.99	1.96
0	5.96	1.93	6.32
0	0.92	1.06	1.28
0	11.74	-1.79	12.1
0.34	0.001	-0.13	0.02
0	3.64	-1.61	4.34
0	5.54	-0.31	5.9
0	0.64	1.16	1
0	1.74	3.6	2.1
0	1.36	1.96	1.72
0	1.38	-2.93	1.74
0.14	0.011	-3.09	0.22
0	0.02	-2.08	0.52
0	3.64	-0.11	4
0	7.8	3.02	8.16
0	9.44	3.88	9.8
0	32.7	4.11	33.06
0	0.46	1.68	0.82
0.36	0	0.17	0
0.72	0	0.04	0
1.06	0.001	-0.27	0.02
0	0.48	1.53	1.9
0	1.06	2.03	1.42
0.08	0.014	2.63	0.28
0.7	0.005	4.34	0.1
0.42	0.05	6.04	1
0.04	0.055	4.49	1.1
0	0.62	1.62	1.38
0	2.9	4.07	3.62
0.64	0.004	5.9	0.08
0	1.62	4.84	2.98
0	0.08	3.24	0.8
0.6	0.006	2.16	0.12
1.24	0.004	2.61	0.08
1.94	0.001	3.44	0.02
2.44	0.011	1.51	0.22
0	3.82	-1.71	6.98
0.68	0.002	-0.19	0.04
1.38	0.001	2.84	0.02
1.8	0.015	5.29	0.3
2.44	0.004	7.18	0.08
2.6	0.028	6.64	0.56
3.18	0.007	3.86	0.14
3.72	0.009	4.08	0.18
0	1.32	4.38	5.76
0	2.06	2.07	2.78
0	0.86	2.4	1.58
0.72	0	2.79	0
1.44	0	1.42	0
2.08	0.004	0.85	0.08
2.6	0.01	2.08	0.2
0.5	0.141	5.37	2.82
0	0.5	4.05	1.72
0	3.28	4.02	4
0	7.52	4.17	8.24
0.56	0.016	5.46	0.32
0.92	0.026	3.07	0.52
1.74	0.003	6.1	0.06
2.6	0.001	7.74	0.02
3.48	0	9.63	0
2.64	0.086	6.16	1.72
2.24	0.064	4.83	1.28
1.36	0.088	4.36	1.76
1.34	0.045	4.83	0.9
1.92	0.015	4.42	0.3
1.68	0.056	4.5	1.12
1.82	0.037	1.6	0.74
2.42	0.014	2.24	0.28
3.16	0.007	1.19	0.14
3.46	0.029	1.38	0.58
3.66	0.034	-0.38	0.68
3.08	0.073	0.53	1.46
0.9	0.153	0.57	3.06
1.24	0.027	1.44	0.54
1.16	0.048	-0.89	0.96
2.04	0	1.13	0
2.92	0	0.65	0
3.68	0.006	4.27	0.12
4.4	0.008	2.52	0.16
4.58	0.035	3.87	0.7
4.82	0.032	6.42	0.64
3.92	0.089	5.3	1.78
4.08	0.036	2.71	0.72
4.34	0.031	3.18	0.62
3.93	0.085	1.79	1.7
3.44	0.089	2.82	1.78
2.81	0.096	1.53	1.92
3.44	0.033	-0.5	0.66
4.67	0.003	2.86	0.06
5.82	0.007	7.86	0.14
6.95	0.008	10.52	0.16
8.18	0.003	10.35	0.06
6.15	0.166	8.88	3.32
7.36	0.004	7.39	0.08
8.65	0	7.94	0
9.62	0.016	8.33	0.32
9.43	0.074	9.11	1.48
9.44	0.064	4.68	1.28
10.73	0	5.81	0
12.02	0	8.97	0
13.25	0.003	6.57	0.06
14.54	0	5.08	0
15.83	0	7.28	0
17.12	0	8.13	0
18.09	0.016	8.06	0.32
19.38	0	3.92	0
0	1.79	0.75	22.46
0.33	0.048	3.45	0.96
0	0.04	3.03	1.66
0	0.07	2.32	1.36
1.15	0.007	3.38	0.14
2.16	0.014	3.08	0.28
3.07	0.019	4.57	0.38
4.36	0	6.87	0
0	0.07	5.86	5.72
0	16.62	5.28	18.08
0	12.64	0.63	14.1
0	2.54	-0.49	4
1.24	0.011	-0.15	0.22
2.7	0	4.14	0
4.16	0	4.33	0
5.26	0.018	3.07	0.36
6.7	0.001	6.69	0.02
8.16	0	4.71	0
7.86	0.088	5.32	1.76
0	7.44	3.5	16.76
0	15.14	3.28	16.6
0	5.22	3.17	6.68
0.18	0.064	2.82	1.28
0	1.22	2.04	2.86
1.2	0.013	2.79	0.26
0	3.16	1.03	5.82
0.82	0.032	5.77	0.64
0	0.86	6.13	3.14
0	0.64	9.62	2.1
0	0.32	9.49	1.78
0	3.52	8.6	4.98
0	11.1	7.28	12.56
0	18.52	7.8	19.98
0	24.7	4.1	26.16
0	34.86	5.96	36.32
1.26	0.01	8.42	0.2
2.58	0.007	8.8	0.14
4.04	0	9.28	0
5.5	0	10.73	0
8.08	0	9.7	0
10.56	0.005	9.15	0.1
13.14	0	9.28	0
15.72	0	7.14	0
18.3	0	6.98	0
20.88	0	8.99	0
23.46	0	11.12	0
26.04	0	11.2	0
28.62	0	13.33	0
31.2	0	9.14	0
33.78	0	9.04	0
36.36	0	8.85	0
38.94	0	11.24	0
41.52	0	13.62	0
43.22	0.044	13.75	0.88
39.24	0.328	11.12	6.56
39.5	0.116	9.35	2.32
35.08	0.35	8.47	7
36.62	0.052	8.12	1.04
38.28	0.046	6.4	0.92
36.8	0.203	10.3	4.06
37.94	0.072	9.03	1.44
39.14	0.069	9.36	1.38
40.22	0.075	7.26	1.5
38.28	0.226	7.48	4.52
31.46	0.47	5.87	9.4
25.92	0.406	5.59	8.12
26.24	0.113	7.52	2.26
27.6	0.061	7.48	1.22
22.46	0.386	7.38	7.72
20.58	0.223	7.07	4.46
22.71	0.03	11.97	0.6
25.44	0	10	0
27.43	0.037	6.37	0.74
28.06	0.105	6.52	2.1
30.51	0.014	7.38	0.28
26.74	0.325	9.35	6.5
28.27	0.06	9.56	1.2
30.04	0.048	9.99	0.96
27.29	0.274	10.19	5.48
28.82	0.06	10.24	1.2
31.43	0.006	10	0.12
33.24	0.046	14.02	0.92
35.97	0	11.88	0
38.7	0	10.9	0
41.39	0.002	9.35	0.04
44.12	0	9.94	0
46.85	0	14.01	0
49.4	0.009	13.84	0.18
52.07	0.003	14.74	0.06
54.78	0.001	14.36	0.02
55.25	0.113	14.79	2.26
44.46	0.676	12.97	13.52
46.93	0.013	11.15	0.26
48.48	0.059	10.02	1.18
51.21	0	9.04	0
53.86	0.004	9.06	0.08
56.59	0	11.14	0
59.32	0	11.2	0
61.41	0.032	7.32	0.64
64.04	0.005	9.51	0.1
66.39	0.009	11.44	0.18
68.92	0	12.97	0
71.45	0	10.74	0
73.34	0.032	11.39	0.64
75.85	0.001	9.95	0.02
78.38	0	10.13	0
80.43	0.024	9.78	0.48
80.58	0.119	12.04	2.38
67.81	0.765	10.21	15.3
69.8	0.027	10.58	0.54
71.99	0.017	9.42	0.34
74.52	0	9.92	0
76.29	0.038	13.17	0.76
78.26	0.028	11.48	0.56
80.79	0	11.56	0
83.32	0	11.78	0
85.85	0	9.99	0
88.38	0	14.38	0
90.91	0	16.84	0
93.44	0	14.25	0
95.85	0.006	15.14	0.12
98.38	0	16.35	0
100.89	0.001	13.19	0.02
103.3	0.006	11.7	0.12
104.27	0.078	12.69	1.56
106.8	0	15.25	0
108.31	0.051	14.05	1.02
102.06	0.439	14.34	8.78
102.17	0.121	15.4	2.42
95.88	0.441	15.18	8.82
97.21	0.06	14.29	1.2
96.24	0.156	16.78	3.12
98.23	0.008	12.98	0.16
100.2	0.009	12.6	0.18
102.35	0	14.34	0
104.34	0.008	13.91	0.16
106.49	0	16.97	0
104.02	0.231	11.83	4.62
98.33	0.392	14.09	7.84
95.58	0.245	14.43	4.9
97.73	0	16.5	0
99.88	0	12.85	0
102.01	0.001	14.36	0.02
87.34	0.841	15.24	16.82
88.85	0.032	16.71	0.64
86.52	0.224	13.65	4.48
85.67	0.15	12.4	3
81.84	0.299	11.54	5.98
78.27	0.286	10.72	5.72
61.8	7.448	10.35	18.62
62.77	0.059	10.74	1.18
58.3	0.331	10.86	6.62
59.89	0.028	11.46	0.56
62.04	0	12.45	0
64.19	0	16.53	0
66.02	0.016	16.7	0.32
61.29	0.344	14.91	6.88
59.06	0.219	14.78	4.38
60.81	0.02	12.19	0.4
62.96	0	11.42	0
64.57	0.027	10.63	0.54
59.22	0.375	11.13	7.5
50.1	0.535	13.03	10.7
50.64	0.052	11.69	1.04
52.22	0	8.98	0
51.2	0.13	9.44	2.6
45.14	0.382	13.31	7.64
41.98	0.237	12.52	4.74
42.46	0.055	12.63	1.1
44.04	0	13.11	0
45.62	0	12.13	0
42.86	0.217	12.26	4.34
25.42	7.608	10.19	19.02
26.16	0.042	10.73	0.84
27.56	0.009	11.99	0.18
28.18	0.048	11.78	0.96
29.76	0	9.56	0
31.32	0.001	10.54	0.02
25.56	0.367	11.93	7.34
26.94	0.01	11.12	0.2
2.2	10.528	7.3	26.32
0.56	0.161	9.97	3.22
0	5.02	9.92	7.16
0	0.16	13.41	1.74
1.08	0.025	11.63	0.5
0	1.36	12.89	4.02
0.62	0.048	12.28	0.96
0	8.24	11.24	10.44
0	1.18	12.52	2.76
1.48	0.005	7.66	0.1
1.54	0.076	9.93	1.52
3.04	0.004	12.61	0.08
4.03	0	10.43	0
4.84	0.009	12.59	0.18
0	7.75	9.44	13.58
0.99	0	10.27	0
1.36	0.031	5.94	0.62
2.33	0.001	7.32	0.02
0	1	5.69	4.32
0.93	0.003	6.89	0.06
0	40.6	4.02	42.52
0	33.33	5.86	34.32
0	22.55	6.85	23.54
0	4.91	8.38	5.9
0	1.49	9.03	2.48
0.93	0.003	9.48	0.06
1.92	0	9.31	0
0.93	0.099	9.35	1.98
0.58	0.067	6.4	1.34
1.55	0.001	8.61	0.02
2.54	0	6.82	0
0.83	0.135	5.47	2.7
1.5	0.016	7.22	0.32
1.61	0.044	4.08	0.88
2.5	0.005	7.26	0.1
0	1.21	8.88	4.7
0.99	0	9.51	0
1.16	0.041	7.09	0.82
0.11	0.102	6.69	2.04
0	15.28	6.37	16.38
0.61	0.019	7.06	0.38
0.06	0.077	2.33	1.54
0.97	0.004	4.34	0.08
1.1	0.016	2.51	0.32
0.43	0.056	1.06	1.12
0	0.28	2.97	1.16
0.09	0.018	3.66	0.36
0	4.38	3.33	4.92
0	41.67	2.61	42.12
0	23.73	5.41	24.18
0	12.13	5.92	12.58
0	0.29	6.32	0.74
0	0.69	3.9	1.14
0	7.17	4.05	7.62
0.19	0.013	2.96	0.26
0.22	0.021	3.21	0.42
0.49	0.009	4.91	0.18
0	4.96	3.33	5.9
0.07	0.019	4.08	0.38
0	0.64	2.02	1.16
0	1.35	2.26	1.8
0	24.25	2.2	24.7
0	2.99	3.2	3.44
0	17.87	2.3	18.32
0	4.61	3.11	5.06
0.31	0.007	4.49	0.14
0	2.64	2.68	3.4
0	5.81	2.95	6.26
0	0.61	4.83	1.06
0	0.09	3.21	0.54
0	2.87	5.84	3.32
0	1.47	8.09	1.92
0	6.17	6.45	6.62
0	2.99	7.33	3.2
0	0.19	7.55	0.4
0	1.63	7.23	1.84
0	4.47	7.59	4.68
0	3.13	9.02	3.34
0	0.09	7.44	0.3
0	12.85	7.11	13.06
0	16.91	6.11	17.12
0	1.03	7.31	1.24
0	1.83	6.17	2.04
0	0.05	5.51	0.26
0	6.71	4.94	6.92
0	1.99	4.41	2.2
0	11.23	4.26	11.44
0	1.73	0.12	1.94
0.13	0.004	-0.37	0.08
0.14	0.01	-2.25	0.2
0.11	0.012	-0.21	0.24
0	6.84	2.82	7.16
0	0.63	5.53	0.84
0	0.53	5.94	0.74
0	1.77	4.68	1.98
0	1.17	4.4	1.38
0	1.79	-0.01	2
0	0.91	-1.96	1.12
0	0.01	-2.71	0.22
0	0.09	-6.08	0.3
0	3.77	-5	3.98
0	4.19	-2.46	4.4
0.11	0.005	-0.61	0.1
0	7.58	-1.51	7.9
0	4.36	0.27	4.6
0	0	3.81	0.24
0	2.96	2	3.2
0.06	0.009	2.86	0.18
0	1.54	-0.38	1.84
0.22	0.001	-1.21	0.02
0.12	0.017	-0.04	0.34
0.18	0.009	1.88	0.18
0	0.42	-0.23	0.84
0	0.36	-1.16	0.6
0.24	0	-0.66	0
0.48	0	0.47	0
0.72	0	0	0
0.96	0	-0.1	0
1.2	0	-0.75	0
1.44	0	-2.06	0
1.62	0.003	-3.89	0.06
0.82	0.052	-2.17	1.04
0.04	0.051	-0.11	1.02
0	0.18	0.3	0.46
0	3.56	0.7	3.8
0	30.3	2.65	30.54
0	10.62	4.1	10.86
0	0.18	4.55	0.42
0	0.64	2.59	0.88
0	0	3.27	0.24
0.24	0	3.24	0
0.48	0	0.14	0
0.72	0	1.01	0
0.14	0.041	-1.74	0.82
0.34	0.002	0.3	0.04
0	6.73	-0.46	7.6
0	9.97	2.07	10.5
0	5.53	1.41	6.06
0	5.53	-1.86	6.06
0	6.37	-1.48	6.9
0	7.97	-0.29	8.5
0.41	0.006	0.24	0.12
0.94	0	-1.73	0
1.47	0	-2.77	0
0	1.86	-1.51	3.86
0	0.19	3.71	0.72
0.53	0	5.8	0
1.06	0	3.97	0
1.59	0	4.02	0
2.12	0	3.64	0
2.61	0.002	2.82	0.04
3.14	0	4.81	0
3.59	0.004	2.02	0.08
4.12	0	2.79	0
4.61	0.002	4.83	0.04
4.92	0.011	5.32	0.22
3.81	0.082	3.83	1.64
1.16	0.159	0.88	3.18
0	0.49	-1.46	2.18
0	0.79	-1.07	1.32
0	7.73	-3.97	8.26
0	0.49	-1.63	1.02
0.05	0.024	-3.28	0.48
0.75	0.004	-5.66	0.08
1.49	0.002	-6.83	0.04
2.17	0.005	-6.62	0.1
2.83	0.006	-1.67	0.12
3.61	0	2.86	0
0.13	0.213	-0.15	4.26
0.37	0.027	4.27	0.54
0.83	0.016	5.64	0.32
0.15	0.073	7.3	1.46
0.85	0.004	6.27	0.08
0	17.67	5.3	19.3
0	16.14	1.83	16.92
0	1.64	2.9	2.42
0.32	0.023	3.96	0.46
0.38	0.036	0.76	0.72
0	0.32	0.84	1.48
0	0.34	0.07	1.12
0	0.3	-0.27	1.08
0.64	0.007	0.53	0.14
0	0.02	-0.33	1.44
0	3.12	-0.19	3.9
0	2.42	0.82	3.2
0	9.22	1.36	10
0	4.58	1.37	5.36
0	1.1	1.8	1.88
0.5	0.014	-0.13	0.28
0	7.96	1.39	9.24
0	16.86	2.79	17.64
0	1.72	2.88	2.5
0	0.18	5.81	0.96
0.78	0	7.41	0
2.52	0.001	6.89	0.02
1.34	0.147	8.42	2.94
2.72	0.019	5.98	0.38
4.38	0.005	4.41	0.1
6.14	0	4.82	0
4.92	0.149	3.02	2.98
6.62	0.003	5.15	0.06
8.38	0	5.45	0
9.1	0.052	5.36	1.04
9.66	0.06	5.49	1.2
11.32	0.005	5.75	0.1
13.08	0	3.31	0
14.66	0.009	3.64	0.18
14.74	0.084	8.19	1.68
14.78	0.086	5.51	1.72
16.42	0.006	4.65	0.12
14.14	0.202	4.26	4.04
7.64	0.413	2.14	8.26
5.22	0.209	3.19	4.18
6.32	0.033	4.62	0.66
6.84	0.062	6.52	1.24
6.5	0.105	5.59	2.1
0.88	0.369	5.35	7.38
0.74	0.095	6.97	1.9
0	0.12	4.01	2.62
1.66	0.005	7.52	0.1
3.08	0.017	6.04	0.34
0	0.08	7.07	4.92
0	5.28	5.03	7.04
1.26	0.025	5.9	0.5
3.8	0	7.03	0
6.34	0	10.6	0
3.62	0.263	6.19	5.26
6	0.008	5.31	0.16
8.54	0	5.77	0
11.08	0	9.77	0
13.62	0	7.47	0
16.16	0	7.88	0
18.7	0	6.84	0
21.24	0	8.8	0
23.78	0	10.95	0
26.32	0	13.52	0
28.86	0	12.87	0
31.4	0	9.26	0
29	0.247	7.68	4.94
25.18	0.318	7.79	6.36
25.16	0.128	9.05	2.56
26.56	0.057	8.41	1.14
29	0.005	8.16	0.1
31.54	0	10.12	0
34.08	0	11.85	0
36.62	0	13.66	0
39.16	0	15.03	0
41.7	0	12.86	0
44.24	0	12.2	0
46.78	0	15.17	0
49.24	0.004	14.05	0.08
51.62	0.008	15.04	0.16
54.12	0.002	13.23	0.04
54.1	0.128	11.05	2.56
55.72	0.046	10.7	0.92
53.23	0.249	11.38	4.98
53.72	0.1	7.53	2
56.21	0	8.96	0
58.34	0.018	12.85	0.36
60.57	0.013	11.76	0.26
59.76	0.165	9.73	3.3
59.03	0.161	6.62	3.22
56.9	0.231	7.1	4.62
57.05	0.117	7.69	2.34
59.5	0.002	7.28	0.04
61.99	0	9.9	0
64.48	0	10.24	0
66.01	0.048	10.65	0.96
66.12	0.119	8.43	2.38
63.35	0.263	7.29	5.26
65.46	0.019	8.5	0.38
67.75	0.01	8.92	0.2
68.3	0.097	8.17	1.94
70.19	0.03	13.13	0.6
72.66	0.001	13.56	0.02
75.15	0	11.98	0
77.64	0	12.79	0
80.13	0	13.11	0
82.62	0	15.32	0
84.81	0.015	15.56	0.3
79.78	0.376	11.79	7.52
81.83	0.022	13.84	0.44
83.32	0.05	13.76	1
85.75	0.003	13.47	0.06
88.24	0	15.7	0
90.68	0	15.34	0
90.32	0.14	19.88	2.8
92.5	0.013	19.24	0.26
94.88	0.003	17.66	0.06
97.32	0	17.1	0
98.9	0.043	15.28	0.86
99.06	0.114	14.2	2.28
101.46	0.002	15.58	0.04
103.66	0.012	13.28	0.24
97.4	0.435	12.28	8.7
90.5	0.467	10.72	9.34
86.92	0.301	12.12	6.02
84.38	0.249	10.26	4.98
86.42	0.02	9.07	0.4
86.2	0.133	10.12	2.66
80.62	0.401	10.01	8.02
80.66	0.12	8.86	2.4
81.32	0.089	10.03	1.78
83.64	0.006	10.96	0.12
83.32	0.138	11.38	2.76
84.5	0.063	13.01	1.26
86.68	0.013	15.65	0.26
89	0.006	11.54	0.12
90.56	0.044	13.24	0.88
92.62	0.019	12.11	0.38
94.68	0.019	15.03	0.38
91.2	0.296	17.06	5.92
93.58	0.003	15.98	0.06
96.02	0	18.87	0
98	0.023	13.1	0.46
100.34	0.005	11.09	0.1
99.05	0.176	12.43	3.52
94.4	0.344	14.31	6.88
95.97	0.033	14.64	0.66
86.2	0.6	12.03	12
84.51	0.196	10.74	3.92
85.94	0.04	11.17	0.8
87.65	0.026	11.46	0.52
89.68	0.01	11.33	0.2
91.17	0.037	10.68	0.74
91.08	0.116	10.5	2.32
92.25	0.053	11.56	1.06
92.94	0.077	15.09	1.54
94.89	0.014	17.03	0.28
96.96	0.008	17.34	0.16
88.33	0.543	17.59	10.86
81.04	0.476	13.48	9.52
83.15	0.006	13.19	0.12
72.2	0.659	13.35	13.18
40.39	13.616	13.7	34.04
42.62	0	13.98	0
44.51	0.017	13.07	0.34
46.74	0	12.18	0
48.97	0	12.72	0
51.2	0	12.81	0
53.29	0.007	13.27	0.14
55.5	0.001	12.77	0.02
57.61	0.006	10.84	0.12
59.82	0.001	11.5	0.02
61.41	0.032	14.22	0.64
49.32	0.716	13.33	14.32
51.51	0.002	13.34	0.04
51.87	0.047	10.89	0.94
53.15	0.001	13.81	0.02
51.59	0.143	12.26	2.86
52.55	0.017	11.18	0.34
53.85	0	10.26	0
53.51	0.082	10.24	1.64
40.11	0.735	11.78	14.7
38.11	0.165	8.74	3.3
38.71	0.035	8.9	0.7
39.03	0.049	10.54	0.98
40.21	0.006	13.43	0.12
36.37	0.257	12.49	5.14
36.19	0.074	9.65	1.48
34.81	0.134	10.28	2.68
34.77	0.067	9.89	1.34
34.21	0.093	9.59	1.86
35.23	0.014	8.04	0.28
36.41	0.006	8.82	0.12
35.97	0.087	9.71	1.74
30.03	0.362	10.12	7.24
30.91	0.021	9.79	0.42
31.87	0.017	11.09	0.34
32.37	0.04	8.47	0.8
30.95	0.136	11.25	2.72
32.03	0.011	10.2	0.22
33.33	0	8.02	0
33.19	0.072	7.83	1.44
32.89	0.08	10.15	1.6
31.55	0.132	12.87	2.64
22.41	0.522	10.86	10.44
22.78	0.028	12.01	0.56
23.55	0.008	13.02	0.16
24.48	0	10.96	0
25.03	0.019	10.1	0.38
19.52	0.322	12.69	6.44
19.59	0.043	12.18	0.86
0	1.1	12.05	21.62
0	14.93	10.3	15.86
0	1.01	11.62	1.94
0	0.29	10.37	1.22
0.89	0.002	12.9	0.04
0.96	0.043	14.48	0.86
1.87	0.001	11.49	0.02
0	1.88	9.69	4.68
0	1.55	11.93	2.48
0	0.13	7.53	1.06
0	3.65	10.74	4.58
0	5.85	11.16	6.78
0	3.71	7.21	4.64
0	30.47	8.59	31.4
0	10.03	11.39	10.96
0	3.31	9.79	4.24
0	6.61	10.24	7.54
0.87	0.003	10.99	0.06
1.02	0.039	9.13	0.78
1.95	0	9.28	0
2.88	0	9.27	0
3.81	0	8.29	0
1.58	0.158	10.24	3.16
0	5.41	11.75	7.92
0	0.35	6.19	1.28
0.46	0.001	7.32	0.02
0.76	0.009	10.83	0.18
1.22	0.001	7.58	0.02
0.68	0.051	7.2	1.02
0	4.64	3.59	5.8
0	3.54	3.3	4.02
0	6.12	3.9	6.6
0	8.14	0.36	8.62
0	1.08	3.79	1.56
0.3	0.009	5.61	0.18
0	1.36	9.39	2.14
0.3	0.009	3.98	0.18
0.44	0.017	2.12	0.34
0.66	0.013	5.41	0.26
1.12	0.001	7.3	0.02
1.6	0	5.55	0
1.6	0.024	5.95	0.48
1.06	0.051	4.82	1.02
1.1	0.022	6.18	0.44
0.98	0.03	5.92	0.6
0	0.32	6.86	1.78
0	0.66	1.5	1.14
0	0.58	5.06	1.06
0.44	0.002	7	0.04
0.92	0	8.2	0
0	0.46	2.01	1.86
0	0.14	1.78	0.62
0	0.34	4.12	0.82
0	4.54	4.2	5.02
0	15.86	8.23	16.34
0.17	0.006	5.82	0.12
0.34	0.006	1.32	0.12
0	15.17	4.17	15.8
0.29	0	5.05	0
0.56	0.001	-0.08	0.02
0.33	0.026	1.54	0.52
0.62	0	3.78	0
0	0.27	9.24	1.18
0.29	0	6.31	0
0.58	0	0.17	0
0.87	0	0.9	0
1.16	0	2.1	0
1.33	0.006	0.05	0.12
0	1.32	0.86	2.94
0	1.17	3.2	1.46
0	0.05	2.99	0.34
0.01	0.014	2.7	0.28
0.2	0.005	2.54	0.1
0	1.55	1.91	2.04
0	12.21	2.2	12.5
0	6.01	0.86	6.3
0	8.31	-0.02	8.6
0	3.41	2	3.7
0	4.75	5.18	5.04
0	3.03	-0.29	3.32
0	6.95	-2.01	7.24
0	11.29	-0.26	11.58
0	4.59	-0.1	4.88
0	0.79	-2.91	1.08
0	0.41	-2.28	0.7
0	1.15	-2.22	1.44
0.24	0.002	-0.65	0.04
0.52	0	-4.44	0
0.7	0.005	-4.16	0.1
0.98	0	2.4	0
1.26	0	0.33	0
1.54	0	1.87	0
1.82	0	3.18	0
1.88	0.011	2.51	0.22
2.16	0	2.47	0
2.34	0.005	0.24	0.1
1.72	0.045	2.85	0.9
1.72	0.014	4.87	0.28
2	0	7.48	0
2.2	0.004	6.36	0.08
2.48	0	3.17	0
2.58	0.009	5.31	0.18
2.78	0.004	5.31	0.08
2.32	0.037	2.29	0.74
1.02	0.079	4.4	1.58
0	7.08	5.28	8.38
0	1.06	7.1	1.34
0	1.48	6.57	1.76
0	20.42	3.61	20.7
0	0.6	1.44	0.88
0	7.26	-0.51	7.54
0	6.86	-0.2	7.14
0	5.4	3.37	5.68
0	2.98	4.03	3.26
0	9.52	2.12	9.8
0	0.04	3.63	0.32
0	5.16	3.12	5.44
0	9.34	5.24	9.94
0	0.54	5.89	1.14
0	8.3	3.59	8.9
0	0.7	2.02	1.3
0	2.28	3.69	2.88
0	0.68	1.93	1.28
0	1.6	4.46	2.2
0	1.08	5.6	1.68
0.52	0.004	5.32	0.08
0	2.72	4.86	3.84
0	2.42	4.68	3.02
0	1.76	3.11	2.36
0	0.38	2.12	0.98
0.52	0.004	0.39	0.08
1.12	0	3.49	0
0	2.02	5.3	3.74
0.42	0.009	4.82	0.18
0	4.72	2.21	5.74
0	6.72	1.69	7.32
0	2.78	2.04	3.38
0	3.6	3.53	4.2
0.1	0.025	1.8	0.5
0	0.5	0	1.2
0	0.34	-0.52	0.94
0	4.56	-0.32	5.16
0	2.62	2.34	3.22
0	1.96	0.74	2.56
0	2.52	1.73	3.12
0	1.81	1.27	3.04
0.81	0.021	3	0.42
1.58	0.023	5.84	0.46
2.09	0.036	7.11	0.72
0.04	0.164	4.46	3.28
0	2.35	7.64	3.62
0	0.17	5.7	1.4
0	0.77	7.41	2
0	0.49	3.04	1.72
0	3.45	1.61	4.68
1.01	0.011	3.12	0.22
2.18	0.003	2.67	0.06
3.13	0.014	1.48	0.28
3.78	0.029	1.26	0.58
3.05	0.098	2.33	1.96
3.9	0.019	4.82	0.38
4.91	0.011	6.82	0.22
5.02	0.056	6.75	1.12
6.15	0.005	2.76	0.1
3.74	0.182	0.5	3.64
0	3.17	2.05	8.14
0.95	0.014	3.11	0.28
2.18	0	4.61	0
3.41	0	7.1	0
4.64	0	7.64	0
5.87	0	4.1	0
7.1	0	7.54	0
8.25	0.004	9.75	0.08
9.48	0	5.57	0
10.67	0.002	4.91	0.04
11.9	0	7.55	0
12.14	0.078	10.23	1.56
12.62	0.066	4.21	1.32
14.42	0	9.14	0
16.22	0	7.8	0
18.02	0	6.42	0
19.82	0	7.05	0
21.62	0	5.49	0
22.54	0.044	4.85	0.88
23.76	0.029	6.32	0.58
25.56	0	7.57	0
22.38	0.249	6.46	4.98
23.9	0.014	5	0.28
25.46	0.012	3.69	0.24
24.48	0.139	4.57	2.78
26.28	0	5.27	0
28.04	0.002	4.06	0.04
29.84	0	6.46	0
31.64	0	7.09	0
33.44	0	6.42	0
34.94	0.015	5.89	0.3
36.22	0.026	11.07	0.52
38	0.001	13.04	0.02
39.8	0	12.27	0
41.6	0	10.19	0
42.68	0.036	9.83	0.72
43.6	0.044	8.6	0.88
45.28	0.006	5.32	0.12
39.58	0.375	2.42	7.5
40.72	0.033	3.58	0.66
38.9	0.181	5.09	3.62
39.56	0.087	5.83	1.74
31.88	0.504	5.69	10.08
32.88	0.07	5.82	1.4
35.02	0.013	7.6	0.26
37.42	0	7.27	0
39.82	0	7.55	0
40.62	0.08	10.73	1.6
43	0.001	10.5	0.02
45.28	0.006	7.84	0.12
47.6	0.004	10.73	0.08
50	0	9.97	0
51.1	0.065	6.33	1.3
49.38	0.206	8.75	4.12
51.6	0.009	11.49	0.18
51.88	0.106	11.08	2.12
54.08	0.01	12.3	0.2
56.48	0	9.12	0
55.54	0.167	9	3.34
57.68	0.013	9.85	0.26
55.94	0.207	11.19	4.14
45.98	0.618	12.55	12.36
44.88	0.175	12.55	3.5
46	0.064	11.92	1.28
41.96	0.322	10.45	6.44
43.92	0.022	10.32	0.44
37.4	0.446	9.2	8.92
35.28	0.226	8.63	4.52
31.7	0.299	8.99	5.98
33.32	0.039	12.07	0.78
35.56	0.008	9.2	0.16
37.68	0.014	10.52	0.28
40.43	0.004	11.28	0.08
40.52	0.137	12.99	2.74
42.23	0.056	13.03	1.12
44.52	0.027	7.66	0.54
43.07	0.214	11.52	4.28
45.86	0.002	14.67	0.04
40.93	0.388	13.96	7.76
42.72	0.052	12.71	1.04
39.07	0.324	11.7	6.48
39.74	0.108	9.75	2.16
33.35	0.461	11.02	9.22
32.04	0.207	8.71	4.14
27.11	0.388	9.67	7.76
27.1	0.142	10.26	2.84
29.41	0.026	13.04	0.52
30.84	0.07	12.93	1.4
33.59	0.004	15.17	0.08
36.4	0.001	14.38	0.02
39.23	0	13.62	0
38.38	0.184	11.03	3.68
41.07	0.007	11.46	0.14
42.44	0.073	13.89	1.46
44.43	0.042	12.68	0.84
47.04	0.011	12.21	0.22
49.83	0.002	12.56	0.04
50.3	0.118	13.15	2.36
51.41	0.086	10.59	1.72
54.08	0.008	11.71	0.16
53.97	0.147	13.74	2.94
48.74	0.403	12.06	8.06
40.52	0.53	10.6	10.6
37.62	0.264	11.84	5.28
39.86	0.007	11.29	0.14
36.84	0.27	10.74	5.4
38.52	0.035	11.03	0.7
40.72	0.009	10.68	0.18
39.58	0.176	10.9	3.52
41.74	0.011	12.77	0.22
44.1	0.001	11.41	0.02
46.44	0.002	12.17	0.04
40.2	0.431	11.11	8.62
41.96	0.031	10.81	0.62
44.34	0	11.84	0
46.18	0.027	13.9	0.54
48.48	0.004	16.75	0.08
47.14	0.186	13.67	3.72
44.1	0.271	12.64	5.42
38.54	0.397	14.1	7.94
7.66	13.304	11.89	33.26
0	6.44	10.75	16.48
1.96	0.021	12.35	0.42
0	8.1	13.08	12.44
1.18	0.06	11.95	1.2
3.24	0.016	13.1	0.32
4.48	0.057	14.16	1.14
6.46	0.02	15.12	0.4
8.84	0	16.1	0
0	2.98	18	14.2
0	1.48	14.68	3.86
0	7.8	17.23	10.18
2.22	0.008	17.43	0.16
4.41	0.001	17.31	0.02
0	5.8	14.42	12.42
0	14.31	16.11	16.52
1.97	0.012	17.93	0.24
4.08	0.005	17.98	0.1
0	1.79	16.4	8.08
0	10.31	17.49	12.52
0.35	0.093	13.36	1.86
0	0.28	11.6	2.84
0.19	0.101	13.23	2.02
0	5.68	12.28	8.08
2.21	0	14.76	0
4.42	0	16.83	0
4.97	0.083	14	1.66
7.14	0.002	16.4	0.04
9.35	0	12.07	0
11.24	0.016	13.18	0.32
10.57	0.144	16.85	2.88
7.22	0.278	14.04	5.56
5.43	0.2	13.45	4
7.64	0	13.39	0
8.53	0.066	11.47	1.32
0	2.16	13.3	12.9
1.59	0.031	14.58	0.62
3.8	0	13.65	0
6.01	0	12.8	0
5.54	0.134	13.56	2.68
7.75	0	16.59	0
5.6	0.218	15.92	4.36
0	5.27	11.27	13.08
2.11	0.005	10.86	0.1
3.42	0.013	9.29	0.26
4.99	0	15.92	0
6.56	0	11.11	0
6.65	0.074	13.05	1.48
7.86	0.018	11.54	0.36
9.15	0.014	9.73	0.28
0	10.78	9.75	21.5
0	9.51	11.3	11.08
0	0.19	12.51	1.76
1.43	0.007	14.75	0.14
2.96	0.002	11.64	0.04
4.53	0	11.52	0
6	0.005	14.32	0.1
7.45	0.006	12.63	0.12
8.92	0.005	13.31	0.1
10.23	0.013	12.34	0.26
11.8	0	11.21	0
13.37	0	10.58	0
14.56	0.019	11.35	0.38
16.13	0	10.34	0
16.62	0.054	11.87	1.08
18.15	0.002	10.25	0.04
19.72	0	8.33	0
21.21	0.004	9.59	0.08
21.32	0.073	8.28	1.46
22.89	0	10.37	0
24.46	0	10.41	0
26.03	0	9.5	0
25.34	0.113	10.89	2.26
25.77	0.057	14.25	1.14
26.48	0	12.88	0
25.87	0.066	11.85	1.32
26.4	0.009	10.55	0.18
26.21	0.045	7.75	0.9
26.5	0.021	10.53	0.42
27.07	0.007	9.05	0.14
26.98	0.04	7.92	0.8
25.65	0.102	8.89	2.04
24.46	0.095	10.06	1.9
20.89	0.214	9.51	4.28
10.06	0.577	9.39	11.54
0	29.23	7.59	40
0	19.07	7.73	19.78
0	7.61	6.78	8.32
0	2.31	5.35	3.02
0	0.15	3.61	0.86
0	12.07	4.95	12.78
0	6.45	3.33	7.16
0.31	0.02	2.28	0.4
0	4.2	1.33	5.22
0	35.01	1.91	35.72
0	47.61	3.86	48.32
0.21	0.025	3.23	0.5
0	2.66	3.04	3.58
0	14.91	2.18	15.62
0	13.79	4.29	14.5
0	3.23	2.97	3.94
0.71	0	3.87	0
1.42	0	2.52	0
2.13	0	3.36	0
1.28	0.078	5.27	1.56
0	3.64	6.09	5.28
0	21	8.22	21.36
0.18	0.009	7.41	0.18
0.54	0	7.26	0
0.64	0.013	8.81	0.26
1	0	8.19	0
1.34	0.001	4.41	0.02
0.26	0.072	5.21	1.44
0	0.84	3.19	1.46
0	0.42	3.5	0.78
0	0.96	6.11	1.32
0	3.12	4.1	3.48
0	6.02	2.75	6.38
0	45.6	4.3	45.96
0	8.74	4.4	9.1
0	1.92	4.45	2.28
0.36	0	2.22	0
0.72	0	2	0
0	0.7	3.52	1.78
0	36.9	6.57	37.26
0	39.82	7.01	40.18
0	21.4	7.46	21.76
0	9.8	7.01	10.16
0	0.6	7.38	0.96
0.16	0.01	3.9	0.2
0	4.26	5.64	4.78
0	10.28	7.12	10.64
0	0.32	7.61	0.68
0.16	0.01	5.01	0.2
0	4.92	3.76	5.44
0	15.8	6.43	15.96
0	23.04	5.74	23.2
0	7.96	6.35	8.12
0	2.66	5.61	2.82
0	4.38	5.32	4.54
0	2.92	5.25	3.08
0	2.36	2.79	2.52
0	0.42	2.88	0.58
0	0.32	3.22	0.48
0	0.9	1.27	1.06
0	2.08	1.55	2.24
0	0.28	1.5	0.44
0	8.82	2.43	8.98
0	0.44	2.37	0.6
0	3.16	1.18	3.32
0	0.26	1.17	0.42
0.16	0	-0.75	0
0.28	0.002	-0.04	0.04
0.44	0	-2.54	0
0.52	0.004	-1.89	0.08
0	0.6	1.62	1.28
0	0.44	3.47	0.6
0	17.34	4.86	17.5
0	2.54	7.89	2.7
0	1.1	7.96	1.26
0	7.68	4.9	7.84
0	1.86	6.31	2.02
0	0.5	6.19	0.66
0	2.9	4.62	3.06
0.16	0	2.63	0
0.04	0.014	0.06	0.28
0	11.59	0.42	12.02
0	5.07	0.64	5.46
0	2.89	-2.34	3.28
0	0.29	-2.68	0.68
0	0.01	-1.74	0.4
0.09	0.015	-3.93	0.3
0.36	0.006	-6.14	0.12
0.41	0.017	-4.22	0.34
0.8	0	-0.02	0
1.15	0.002	1.48	0.04
1.5	0.002	0.72	0.04
0.91	0.049	3.35	0.98
1.3	0	7.49	0
1.35	0.017	8.95	0.34
0	0.92	5.84	2.66
0	1.19	6.23	1.58
0	0.53	6.11	0.92
0	0.39	3.84	0.78
0.31	0.004	3.43	0.08
0	6.48	0.98	7.18
0	4.21	1.8	4.6
0	11.49	1.94	11.88
0.31	0.004	4.1	0.08
0.44	0.013	5.43	0.26
0	1.15	6.71	1.98
0.39	0	10.17	0
0	0.66	9.44	1.44
0	8.21	3.08	8.6
0	6.43	1.05	6.82
0	2.29	-2.49	2.68
0	0.57	-0.84	0.96
0	1.41	0.65	1.78
0	0.07	-0.08	0.44
0	4.53	-0.87	4.9
0.25	0.006	-0.73	0.12
0.58	0.002	-0.53	0.04
0.91	0.002	-0.06	0.04
1.28	0	3.68	0
0.77	0.044	5.38	0.88
1.06	0.004	4.5	0.08
0.73	0.035	0.33	0.7
1.1	0	4.16	0
1.47	0	3.84	0
1.62	0.011	0.49	0.22
1.93	0.003	0.34	0.06
2.3	0	-0.93	0
2.67	0	-1.15	0
3.04	0	1.71	0
3.41	0	0.08	0
3.78	0	1.53	0
4.15	0	2.55	0
4.52	0	2.31	0
4.81	0.004	0.61	0.08
4.18	0.05	4.43	1
4.47	0.004	4.62	0.08
4.84	0	3.72	0
5.21	0	4.8	0
5.42	0.008	2.41	0.16
2.21	0.179	4.79	3.58
0	11.38	5.6	15.04
1.37	0.004	5.17	0.08
2.5	0.016	2.81	0.32
2.95	0.05	4.93	1
4.2	0.01	6.29	0.2
5.59	0.003	4.37	0.06
3.96	0.154	5.52	3.08
5.37	0.002	6.39	0.04
6.38	0.022	7.05	0.44
7.45	0.019	6.95	0.38
4.52	0.219	7.93	4.38
5.97	0	3.85	0
7.42	0	2.41	0
8.87	0	4.08	0
10.28	0.002	3.81	0.04
11.67	0.003	4.43	0.06
13.12	0	4.33	0
14.57	0	3.59	0
15.98	0.002	6.49	0.04
17.43	0	4.31	0
18.88	0	7.74	0
20.33	0	7.43	0
21.78	0	6.38	0
23.23	0	7.79	0
24.64	0.002	6.57	0.04
26.09	0	5.78	0
27.48	0.003	7.38	0.06
28.93	0	7.71	0
30.28	0.005	6.98	0.1
31.73	0	7.38	0
30.94	0.112	5.34	2.24
28.51	0.218	6.12	4.36
29.34	0.055	4.86	1.1
31.17	0.005	8.51	0.1
33.1	0	10.29	0
35.03	0	7.65	0
36.96	0	7.79	0
38.89	0	7.09	0
40.82	0	5.38	0
42.71	0.002	6.33	0.04
44.64	0	3.9	0
46.57	0	5.43	0
48.36	0.007	7.09	0.14
50.29	0	4.21	0
52.18	0.002	8.25	0.04
54.11	0	11	0
56	0.002	11.7	0.04
57.93	0	10.34	0
59.86	0	9.64	0
61.79	0	5.58	0
63.72	0	6.71	0
41.59	9.624	4.2	24.06
43.14	0.019	9.92	0.38
44.95	0.006	7.21	0.12
46.76	0.006	5.37	0.12
43.45	0.262	7.9	5.24
45	0.019	8.84	0.38
46.81	0.006	10.67	0.12
36.96	0.589	6.44	11.78
37.81	0.054	9.86	1.08
27.5	0.612	4.59	12.24
7.69	8.84	6	22.1
0.16	0.491	6.22	9.82
0	0.33	8.22	2.78
0.31	0.099	9.59	1.98
1.9	0.035	8.66	0.7
4.13	0.003	9.72	0.06
1.3	0.256	8.29	5.12
3.39	0.01	9.53	0.2
5.4	0.014	6.62	0.28
7.49	0.01	6.57	0.2
8.28	0.075	8.33	1.5
10.21	0.018	7.39	0.36
3.84	0.433	5.86	8.66
5.19	0.047	7.71	0.94
7.48	0	5.35	0
0	1.69	6.19	11.46
0	8.95	9.91	11.24
0	1.29	11.18	3.58
0	5.45	9	7.74
0	4.25	10.32	6.54
0	2.75	10.42	5.04
1.85	0.022	11.7	0.44
0	1.06	11.03	5.2
0	5.15	9.58	7.44
0	3.07	10.46	5.36
2.29	0	10.32	0
4.58	0	10.36	0
6.09	0.039	13.84	0.78
8.32	0.003	15.13	0.06
10.47	0.007	13.5	0.14
12.76	0	14.49	0
15.9	0	15.07	0
19.04	0	14.71	0
22.12	0.003	11	0.06
21.38	0.194	14.6	3.88
24.42	0.005	11.01	0.1
27.56	0	15.01	0
30.46	0.012	12.4	0.24
31.14	0.123	11.47	2.46
32.3	0.099	12.91	1.98
34	0.072	14.04	1.44
36.16	0.049	13.12	0.98
38.78	0.026	12.62	0.52
41.88	0.002	13.4	0.04
44.94	0.004	12.87	0.08
48.08	0	14.5	0
51.22	0	13.55	0
46.02	0.417	14.22	8.34
49.14	0.001	13.61	0.02
52.26	0.001	13.48	0.02
55.4	0	12.17	0
57.06	0.074	12.63	1.48
58.2	0.1	11.76	2
60.42	0.046	12.41	0.92
63.56	0	14.53	0
66.7	0	13.32	0
69.84	0	14.78	0
71.88	0.055	13.31	1.1
74.98	0.002	16.15	0.04
78.12	0	12.91	0
74.66	0.33	13.75	6.6
77.67	0.007	14.05	0.14
80.82	0	14.04	0
83.73	0.012	14.54	0.24
86.88	0	15.34	0
88.95	0.054	12.8	1.08
91.96	0.007	13.71	0.14
91.45	0.183	15.02	3.66
94.56	0.002	13.6	0.04
97.71	0	15.4	0
100.8	0.003	18.55	0.06
103.95	0	14.67	0
107.1	0	15.46	0
110.25	0	14.43	0
113.4	0	16.81	0
116.55	0	16.03	0
119.7	0	18.35	0
121.45	0.07	19.33	1.4
119.58	0.251	17.2	5.02
119.07	0.183	16.68	3.66
120.5	0.086	15.59	1.72
121.97	0.084	14.51	1.68
124.88	0.012	15.66	0.24
127.87	0.008	13.64	0.16
130.92	0.005	17.03	0.1
128.73	0.267	16.5	5.34
131.72	0.008	14.54	0.16
134.29	0.029	12.84	0.58
133.82	0.181	12.44	3.62
135.05	0.096	15.48	1.92
136.92	0.064	15.17	1.28
137.43	0.132	15.08	2.64
140.47	0	15.33	0
143.51	0	12.91	0
146.55	0	13.25	0
149.59	0	17.68	0
152.47	0.008	15.71	0.16
155.47	0.002	20.37	0.04
158.51	0	19.99	0
161.55	0	18.57	0
164.07	0.026	18.88	0.52
165.75	0.06	18.05	1.2
165.75	0	15.94	0
165.75	0	16.2	0
165.75	0.012	15.92	0.24
165.75	0	14.76	0
165.75	0	12.51	0
165.75	0	12.83	0
165.75	0.065	14.03	1.3
165.75	0.006	16.55	0.12
165.75	0.001	14.62	0.02
165.75	0.146	14.4	2.92
165.75	0.007	15.45	0.14
165.75	0.001	15.06	0.02
165.75	0	15.4	0
165.75	0	12.85	0
165.75	0.002	13.74	0.04
165.75	0	13.13	0
165.75	0.086	10.79	1.72
164.25	0.227	10.23	4.54
164.11	0.159	11.15	3.18
165.59	0.078	10	1.56
165.75	0.029	10.3	0.58
165.75	0	11.75	0
165.75	0	13.23	0
165.75	0	13.09	0
165.75	0	13.4	0
165.75	0.008	12.76	0.16
164.66	0.152	12.11	3.04
164.41	0.11	10.9	2.2
165.75	0.001	12.91	0.02
164.94	0.138	10.37	2.76
165.75	0.003	10.58	0.06
165.75	0.02	9.32	0.4
165.75	0.016	11.66	0.32
165.75	0	14.73	0
165.75	0.005	16.74	0.1
165.75	0	14.7	0
165.75	0	13.6	0
165.75	0	17.28	0
165.75	0.02	14.57	0.4
165.75	0.087	10.49	1.74
165.75	0.068	9.97	1.36
164.06	0.182	8.84	3.64
164.21	0.09	8.51	1.8
165.75	0.018	6.24	0.36
165.75	0.002	6.12	0.04
165.26	0.122	11.75	2.44
165.75	0.006	10.26	0.12
165.75	0.096	7.51	1.92
165.75	0.038	7.48	0.76
165.75	0.072	8.49	1.44
165.75	0.002	7.85	0.04
165.75	0.001	8.42	0.02
165.75	0.005	8.46	0.1
165.09	0.088	9.4	1.76
162.51	0.184	5.29	3.68
162.35	0.063	5.97	1.26
161.09	0.118	7.11	2.36
161.95	0.012	7.46	0.24
161.25	0.09	8.52	1.8
162.35	0	11.11	0
163.27	0.009	10.31	0.18
164.37	0	7.81	0
165.39	0.004	8.67	0.08
165.75	0	10.18	0
165.75	0	10.87	0
165.75	0	8.69	0
165.75	0.009	6.41	0.18
165.75	0.004	6.65	0.08
164.83	0.101	3.27	2.02
163.05	0.144	4.21	2.88
161.83	0.116	2.8	2.32
161.65	0.064	2.09	1.28
154.55	0.41	-0.12	8.2
153.87	0.089	3.65	1.78
153.23	0.087	3.7	1.74
147.43	0.345	5.19	6.9
148.49	0.002	6.64	0.04
149.43	0.008	8.57	0.16
150.53	0	8.26	0
151.49	0.007	4.67	0.14
150.47	0.106	3.67	2.12
143.49	0.404	5.11	8.08
142.43	0.075	3.96	1.5
142.49	0.019	5.65	0.38
142.83	0.005	6.06	0.1
142.37	0.045	6.11	0.9
142.79	0.001	9.89	0.02
143.23	0	10.4	0
143.67	0	9.46	0
136.01	0.405	7.47	8.1
134.83	0.081	6.94	1.62
135.25	0.001	8.22	0.02
125.85	0.492	7.48	9.84
125.97	0.016	9.32	0.32
122.39	0.201	4.46	4.02
115.33	0.375	5.48	7.5
115.65	0.006	6.46	0.12
115.83	0.013	6.31	0.26
116.07	0.01	7.44	0.2
113.37	0.157	9.54	3.14
113.53	0.014	6.67	0.28
112.97	0.05	4.93	1
113.27	0.007	2.17	0.14
113.65	0.003	1.87	0.06
114.03	0.003	-0.48	0.06
110.13	0.217	1.12	4.34
104.99	0.279	1.02	5.58
105.17	0.013	4.03	0.26
105.61	0	3.53	0
103.31	0.137	4.11	2.74
88.51	0.762	4.02	15.24
88.63	0.016	3.73	0.32
87.09	0.089	2.12	1.78
85.51	0.091	4.09	1.82
85.63	0.006	6.79	0.12
85.77	0.005	5.56	0.1
85.81	0.01	7.12	0.2
86.05	0	3.6	0
86.25	0.002	-1.1	0.04
86.45	0.002	-2.17	0.04
86.61	0.004	0.58	0.08
85.49	0.068	5.73	1.36
85.73	0	1.34	0
84.95	0.051	3.22	1.02
84.25	0.047	4.11	0.94
81.79	0.135	3.87	2.7
81.35	0.034	2.17	0.68
80.51	0.054	2.75	1.08
80.71	0.002	6.2	0.04
80.81	0.007	4.6	0.14
80.73	0.016	2.49	0.32
53.41	11.024	0.47	27.56
45.49	0.408	0.54	8.16
44.69	0.052	1.52	1.04
43.01	0.096	4.49	1.92
42.21	0.052	6.66	1.04
41.77	0.034	6.69	0.68
34.73	0.364	3.06	7.28
30.81	0.208	2.07	4.16
20.77	0.514	0.86	10.28
21.01	0	-1.99	0
21.25	0	-3.95	0
8.73	0.638	-3.57	12.76
7.47	0.074	0.99	1.48
6.91	0.039	1.05	0.78
6.83	0.015	2.01	0.3
6.07	0.049	1.32	0.98
6.13	0.008	4.13	0.16
5.69	0.033	4.83	0.66
1.45	0.223	3.6	4.46
0	15.07	5.87	16.74
0.12	0.005	4.29	0.1
0	2.58	3.93	2.92
0.08	0.007	2.21	0.14
0.2	0.005	2.66	0.1
0.34	0.004	1.57	0.08
0.48	0.004	0.99	0.08
0	0.82	0.66	1.52
0	5.94	0.14	6.16
0	0.26	1.22	0.48
0	5.06	2.81	5.28
0	4.44	6.93	4.66
0	3.72	6.83	3.94
0	1.72	4.35	1.94
0.14	0.004	6.5	0.08
0	1.28	3.84	1.64
0.22	0	3	0
0.02	0.021	2.02	0.42
0	4.04	0.12	4.28
0	5.74	-1.35	5.96
0	5.24	-2.19	5.46
0	2.1	-0.56	2.32
0	1.42	1.61	1.64
0	0.34	-0.55	0.56
0	0.13	1.05	0.68
0	1.55	5.41	2.1
0.11	0.022	9.37	0.44
0	1.54	9.27	2.2
0	1.37	7.08	1.92
0	0.51	5.12	1.06
0	8.77	2.62	9.32
0	1.51	-1.75	2.06
0	0.03	2.78	0.58
0.55	0	5.42	0
1.1	0	9.56	0
1.61	0.002	3.87	0.04
1.4	0.038	2.97	0.76
1.77	0.009	3.87	0.18
2.32	0	3.61	0
2.67	0.01	3.29	0.2
3.16	0.003	4.17	0.06
3.71	0	3.42	0
4.26	0	1.3	0
4.63	0.009	-1.01	0.18
4.2	0.049	-0.25	0.98
2.99	0.088	-0.34	1.76
1.86	0.084	2.23	1.68
0	0.59	1.24	3
0	8.53	-1.8	9.08
0	13.89	-1.89	14.44
0	13.49	-1.38	14.04
0	4.55	-1.21	5.1
0.55	0	-1.7	0
1.55	0.004	-1.61	0.08
2.63	0	-2.31	0
0.83	0.144	0	2.88
1.49	0.021	2.87	0.42
2.09	0.024	3.97	0.48
0	2.57	3.42	5.74
0.84	0.012	4.38	0.24
1.92	0	3.93	0
2.2	0.04	0.1	0.8
1.34	0.097	0.31	1.94
0.04	0.119	1.25	2.38
0.24	0.044	2.35	0.88
1.22	0.005	3.65	0.1
0.48	0.091	4.46	1.82
1.5	0.003	8.63	0.06
2.46	0.006	9.88	0.12
3.4	0.007	8.53	0.14
3.02	0.073	5.63	1.46
0	0.96	3.64	5.06
0	3.16	3.39	4.24
0.36	0.036	4.37	0.72
0	0.64	4.53	2.08
0	5	3.01	6.08
0	1.7	3.78	2.78
0	2.72	4.72	3.8
1.02	0.003	7.84	0.06
0.42	0.084	6.64	1.68
1.3	0.01	7.46	0.2
2.38	0	5.66	0
3.46	0	8.09	0
4.54	0	5.02	0
0	5.91	5.1	12.06
0	12.21	6.67	13.82
0	2.69	7.28	4.3
1.45	0.008	5.12	0.16
1.4	0.083	4.66	1.66
0	2.61	4.58	5.62
0	0.67	5.14	2.28
0	0.27	6.36	1.88
0.71	0.045	8.95	0.9
2.32	0	6.36	0
1.33	0.13	8.29	2.6
0.02	0.146	8.72	2.92
1.49	0.007	7.29	0.14
2.74	0.018	10.93	0.36
2.89	0.073	8.14	1.46
3.14	0.068	5.05	1.36
2.13	0.131	3.22	2.62
0	19.3	5.53	23.04
0.73	0.044	7.02	0.88
0	2.14	8.19	4.48
0.95	0.033	9.17	0.66
2.24	0.016	10.19	0.32
2.47	0.069	6.84	1.38
4.08	0	12.08	0
5.69	0	12.6	0
0	0.6	9.94	7.9
1.39	0.011	8.7	0.22
0	3.04	7.9	6.04
0	12.57	6.11	14.18
0	0.51	7.25	2.12
2.59	0	10.69	0
5.18	0	10.43	0
4.69	0.154	6.82	3.08
0	0.08	5.91	7.36
0	4.83	6.25	7.42
2.53	0.003	8.41	0.06
2.98	0.107	9.05	2.14
3.81	0.088	11.08	1.76
6.28	0.006	13.9	0.12
8.85	0.001	12.56	0.02
11.44	0	10.91	0
14.03	0	9.41	0
15.98	0.032	10.78	0.64
18.57	0	11.58	0
21.16	0	13.8	0
23.75	0	14.43	0
26.26	0.004	11.53	0.08
28.85	0	11.09	0
31.34	0.005	11.84	0.1
19.63	0.715	8.25	14.3
19.08	0.157	5.98	3.14
21.67	0	8.73	0
23.8	0.023	9.93	0.46
25.35	0.052	10.19	1.04
27.94	0	8.59	0
30.49	0.002	6.75	0.04
33.08	0	7.94	0
34.95	0.036	8.63	0.72
37	0.027	13.09	0.54
39.41	0.009	12.32	0.18
41.9	0.005	13.14	0.1
42.03	0.137	9.92	2.74
42.62	0.114	12.86	2.28
45.05	0.022	14.32	0.44
47.9	0.001	12.39	0.02
50.21	0.028	14.13	0.56
53.08	0	15.83	0
55.73	0.011	13.53	0.22
57.6	0.05	11.86	1
60.11	0.018	15.56	0.36
61.18	0.09	14.43	1.8
59.71	0.217	13.27	4.34
62.58	0	14.74	0
65.45	0	13.68	0
67.08	0.062	19.37	1.24
69.19	0.038	14.16	0.76
66.1	0.298	11.17	5.96
67.45	0.076	11.44	1.52
66.7	0.181	8.46	3.62
67.61	0.098	7.07	1.96
69.58	0.045	9.05	0.9
69.21	0.162	10.15	3.24
70.5	0.079	10.99	1.58
41.29	12.832	9.58	32.08
39.32	0.242	9.72	4.84
42.13	0.003	12.02	0.06
43.44	0.078	9.47	1.56
42.57	0.187	15.21	3.74
45.44	0	11.86	0
46.63	0.084	12.69	1.68
48.14	0.068	14.98	1.36
50.58	0.01	11.78	0.2
52.82	0.02	9.73	0.4
47.32	0.407	11.4	8.14
47.4	0.128	10.33	2.56
39.62	0.521	10.2	10.42
35.02	0.362	10.66	7.24
31.82	0.292	11.04	5.84
34.46	0	8.17	0
32.28	0.241	9.86	4.82
32.24	0.134	9.85	2.68
34.84	0.002	11.01	0.04
37.46	0.001	11.22	0.02
40.08	0.001	12.28	0.02
42.72	0	15.09	0
43.6	0.088	12.73	1.76
45.62	0.031	12.11	0.62
47.64	0.031	12.6	0.62
50.28	0	11.62	0
48.28	0.232	11.03	4.64
50.68	0.012	12	0.24
53.32	0	16.78	0
55.82	0.007	13.65	0.14
58.32	0.007	12.27	0.14
59.72	0.062	12.56	1.24
62.36	0	13.31	0
65	0	12.84	0
63.88	0.188	14.72	3.76
66.4	0.006	16.05	0.12
66.58	0.123	16.94	2.46
69.22	0	15.06	0
71.18	0.034	16.01	0.68
73.47	0	15.95	0
75.76	0	14.63	0
62.99	0.753	16.91	15.06
64.22	0.053	16.93	1.06
60.21	0.315	16.26	6.3
62.46	0.002	18.31	0.04
64.75	0	16.2	0
67.04	0	16.84	0
63.13	0.31	17.76	6.2
62.32	0.155	18.97	3.1
40.13	9.792	16.53	24.48
42.24	0.009	17.03	0.18
44.53	0	15.75	0
46.78	0.002	14.97	0.04
45.37	0.185	15.95	3.7
43.98	0.184	14.08	3.68
28.35	0.896	14.82	17.92
0	14.64	14.06	45.28
0	0.55	15.17	2.84
1.55	0.037	11.85	0.74
3.34	0.025	9.93	0.5
3.29	0.117	9.38	2.34
0	4.98	11.4	10.56
0	8.09	13.05	10.38
0.09	0.11	13.13	2.2
0.48	0.095	10.84	1.9
2.67	0.005	13.25	0.1
4.68	0.014	12.27	0.28
1.09	0.294	12.74	5.88
1.38	0.1	11	2
3.63	0.002	11.19	0.04
5.46	0	9.92	0
7.29	0	13.94	0
9.06	0.003	14.95	0.06
10.89	0	19.01	0
10.68	0.102	16.54	2.04
12.51	0	13.03	0
14.28	0.003	12	0.06
16.07	0.002	10.84	0.04
17.9	0	11.63	0
19.45	0.014	12	0.28
20.26	0.051	13.23	1.02
20.21	0.094	12.58	1.88
20.72	0.066	9.92	1.32
19.89	0.133	10.15	2.66
20.74	0.049	9.5	0.98
21.81	0.038	9.04	0.76
22.56	0.054	11.73	1.08
24.39	0	12.57	0
25.76	0.023	10.58	0.46
26.77	0.041	11.42	0.82
28.52	0.004	10.72	0.08
30.03	0.016	9.46	0.32
28.1	0.188	10.2	3.76
28.75	0.059	10.24	1.18
30.58	0	9.73	0
32.41	0	13.08	0
29.62	0.231	8.28	4.62
29.11	0.117	10.78	2.34
28.46	0.124	7.71	2.48
28.41	0.094	9.7	1.88
27.27	0.097	9.64	1.94
27.83	0.012	9.82	0.24
15.97	0.633	8.61	12.66
13.61	0.158	8.57	3.16
13.97	0.022	8.76	0.44
11.99	0.139	9.29	2.78
9.73	0.153	8.95	3.06
10.31	0.011	7.3	0.22
10.89	0.011	6.47	0.22
11.13	0.028	7.13	0.56
11.51	0.021	6.4	0.42
1.93	0.519	8.24	10.38
0	5.31	10.78	8.04
0	16.88	10.24	17.68
0	21.5	8.77	22.3
0	9.62	7.5	10.42
0.46	0.017	8.14	0.34
1.14	0.006	6.32	0.12
0	4.7	5.75	6.64
0	13.84	4.5	14.64
0	0.94	6.05	1.74
0.74	0.003	8.54	0.06
1.36	0.009	6.73	0.18
0	15.66	6.82	17.82
0.1	0.035	7.49	0.7
0.82	0.004	3.13	0.08
0	8.4	4.64	10.02
0	9.98	8.77	10.78
0	13.14	9.38	13.94
0.66	0.007	9.33	0.14
1.46	0	6.39	0
1.83	0.002	7.44	0.04
0	0.36	4.53	2.6
0.23	0.009	7.89	0.18
0	1.5	5.74	2.14
0.11	0.015	6.21	0.3
0	3.52	8.49	4.04
0.19	0.011	10.9	0.22
0.04	0.028	8.03	0.56
0	2.29	5.73	2.74
0	0.91	4.74	1.32
0	2.19	7.49	2.6
0	1.63	5.76	2.04
0.33	0.004	5.04	0.08
0.7	0.002	5.95	0.04
0	0.53	9.9	1.64
0	2.57	4.98	2.98
0	2.25	5.83	2.66
0	0.09	1.03	0.5
0.29	0.006	-0.65	0.12
0.62	0.004	-0.63	0.08
0	6.45	1.29	7.48
0	5.33	5.74	5.74
0	0.49	6.82	0.9
0.35	0.003	7.31	0.06
0.72	0.002	8.08	0.04
0.99	0.007	6.9	0.14
0	13.28	3.94	14.68
0	0.45	3.62	0.86
0.29	0.006	1.45	0.12
0.7	0	3.35	0
1.09	0.003	0.18	0.06
1.16	0.019	1.39	0.38
1.45	0.008	3.48	0.16
1.8	0.005	6.19	0.1
2.25	0	8.16	0
2.68	0.001	7.09	0.02
3.09	0.002	5.09	0.04
3.54	0	3.51	0
3.99	0	8.04	0
4.44	0	7.61	0
4.85	0.002	2.04	0.04
5.26	0.002	2.91	0.04
5.71	0	4.89	0
0	6.6	8.37	12.76
0.33	0.006	3.91	0.12
0	1.6	4.19	2.38
0	0.41	0.67	0.86
0	0.15	-0.19	0.6
0.45	0	-3.08	0
0.9	0	-2.41	0
1.15	0.01	3.3	0.2
0	2.96	5.67	4.56
0	5.31	6.38	5.76
0	1.97	0.4	2.42
0	2.43	-1.08	2.88
0	0.31	1.53	0.76
0.15	0.015	3.07	0.3
0	0.14	1.19	0.74
0.31	0.007	5.32	0.14
0.1	0.033	8.1	0.66
0	0.45	1.42	1
0	2.01	2.75	2.56
0	0.63	2.7	1.18
0.45	0.005	4.83	0.1
0.74	0.013	5.99	0.26
0	1.31	4.33	2.6
0	2.69	6.63	3.24
0	12.11	6.43	12.66
0	3.47	2.21	4.02
0	0.47	6.15	1.02
0.53	0.001	5.22	0.02
0	4.78	6.57	5.86
0	0.99	3.04	1.54
0.53	0.001	1.89	0.02
1.06	0.001	1.17	0.02
1.33	0.014	6.93	0.28
1.84	0.002	7.64	0.04
2.09	0.015	4.88	0.3
1.78	0.043	-0.1	0.86
0	1.45	3.26	3.78
0	4.63	2.62	5.18
0.29	0.013	1.74	0.26
0	0.38	-0.03	1.22
0.25	0.015	-0.96	0.3
0	1.3	1.37	2.1
0	3.63	3.56	4.18
0	0.25	5.02	0.8
0	0.25	5.09	0.8
0	0.63	4.57	1.18
0.55	0	6.62	0
0.62	0.024	4.57	0.48
0	1.57	7.17	2.74
0.38	0.003	7.56	0.06
0.78	0.002	6.62	0.04
1.18	0.002	4.43	0.04
0.24	0.069	4.17	1.38
0	0.38	3.19	1.06
0.2	0.012	3.02	0.24
0.14	0.025	1.12	0.5
0.56	0.001	4.78	0.02
0	2.14	6.28	3.14
0.02	0.021	2.55	0.42
0	7.84	2.46	8.3
0	7.9	2.67	8.34
0	5.06	1.45	5.5
0	1.26	1.65	1.7
0.44	0	3.1	0
0.8	0.004	2.02	0.08
0.16	0.054	3.65	1.08
0	1.84	3.81	2.44
0	4.22	-0.32	4.66
0	7.86	-0.34	8.3
0	2.94	-0.15	3.38
0	5.12	0.48	5.56
0	2.72	-1.14	3.16
0	1.2	0.12	1.64
0	1.62	1.65	2.06
0.24	0.01	2.19	0.2
0.56	0.006	2.62	0.12
0	10.76	2.38	11.76
0	8.93	1.42	9.74
0	3.77	-0.49	4.58
0	1.71	0.78	2.52
0	1.11	0.96	1.92
0	0.13	2.17	0.94
0.45	0.018	0.76	0.36
1.26	0	3.56	0
1.87	0.01	5.09	0.2
0	1	4.58	3.68
0	2.59	2.83	3.4
0	0.93	2.65	1.74
0.55	0.013	1.38	0.26
1.14	0.011	-0.05	0.22
0	3.17	1.31	5.12
0.11	0.035	6.14	0.7
0.5	0.021	8.15	0.42
1.25	0.003	11.24	0.06
1.48	0.029	12.7	0.58
2.29	0	9.98	0
3.1	0	8.28	0
2.53	0.069	6.97	1.38
2.12	0.061	7.95	1.22
2.93	0	10.59	0
3.66	0.004	8.87	0.08
4.31	0.008	8.6	0.16
0.74	0.219	7.27	4.38
0	1.73	5.28	3.28
0	2.49	4.9	3.3
0	3.49	4.18	4.3
0.67	0.007	4.78	0.14
1.48	0	5.65	0
3.24	0.005	7.8	0.1
4.98	0.006	8.75	0.12
6.68	0.008	9.74	0.16
8.22	0.016	4.3	0.32
8.7	0.069	6.59	1.38
4.36	0.31	8.07	6.2
0	13.5	1.02	19.72
0	3.2	1.19	5.06
1.42	0.022	3.55	0.44
3.28	0	8.33	0
5.1	0.002	11.43	0.04
6.96	0	6.16	0
8.76	0.003	3.35	0.06
3.56	0.353	4.42	7.06
0	0.56	4.3	5.98
0.92	0.047	4.94	0.94
0	7.72	5.67	10.5
0	13.2	6.9	15.06
1.56	0.015	7.05	0.3
3.42	0	5.58	0
5.28	0	6.27	0
7.14	0	5.46	0
9	0	4.8	0
10.86	0	5.55	0
12.68	0.002	5.93	0.04
12.14	0.12	4.22	2.4
6.22	0.389	6.83	7.78
3.56	0.226	6	4.52
5.42	0	10.66	0
6.4	0.044	10.14	0.88
3.81	0.247	9.68	4.94
6.02	0.007	11.53	0.14
1.73	0.332	12.06	6.64
4	0.004	8.52	0.08
2.75	0.18	10.75	3.6
3.06	0.102	8.24	2.04
3.29	0.106	5.67	2.12
2.14	0.175	6.04	3.5
1.43	0.153	5.21	3.06
3.64	0.007	6.08	0.14
5.17	0.041	6.99	0.82
7.42	0.005	7.47	0.1
9.73	0.002	7.11	0.04
12.08	0	8.22	0
13.03	0.07	11.38	1.4
14.94	0.022	5.13	0.44
16.41	0.044	3.95	0.88
15.36	0.17	3.59	3.4
12.11	0.28	9.03	5.6
7.36	0.355	10.17	7.1
9.55	0.008	8.95	0.16
7.52	0.219	7.02	4.38
7.73	0.107	7.31	2.14
9.58	0.025	8.86	0.5
10.73	0.06	8.97	1.2
13.06	0.001	13.02	0.02
6.27	0.457	8.27	9.14
6.28	0.117	8.91	2.34
8.31	0.016	9.6	0.32
7.64	0.151	8.23	3.02
9.31	0.034	7.52	0.68
3.45	0.42	7.79	8.4
3.69	0.115	11.11	2.3
0	1.23	14	7.46
0.72	0.091	11.29	1.82
2.46	0.04	8.16	0.8
4.96	0.002	7.21	0.04
7.5	0	9.02	0
10.04	0	15.95	0
12.58	0	15.21	0
15.12	0	9.04	0
16.02	0.082	10.7	1.64
10.84	0.386	8.02	7.72
5.76	0.381	8.71	7.62
1.18	0.356	10.04	7.12
2.66	0.053	11.09	1.06
5.02	0.009	12.23	0.18
7.56	0	15.22	0
6.34	0.188	18.49	3.76
8.12	0.038	19.38	0.76
9.7	0.048	13.41	0.96
10.66	0.079	14.94	1.58
13.2	0	14.89	0
15.74	0	17.58	0
17.12	0.058	11.29	1.16
19.66	0	12.32	0
22.2	0	14.67	0
24.74	0	16.58	0
27.28	0	15.71	0
29	0.041	12.8	0.82
31.46	0.004	13.53	0.08
34.33	0	15.62	0
36.86	0.017	12.23	0.34
39.73	0	14.32	0
36.58	0.301	10.78	6.02
32.29	0.358	13.4	7.16
26.88	0.414	12.51	8.28
29.75	0	14.03	0
32.62	0	15.74	0
35.35	0.007	16.43	0.14
38.22	0	20.02	0
41.09	0	20.32	0
43.96	0	19.46	0
46.83	0	16.24	0
48.44	0.063	16.78	1.26
51.21	0.005	13.37	0.1
53.86	0.011	13.79	0.22
55.79	0.047	19.07	0.94
56.74	0.096	17.22	1.92
57.49	0.106	10.42	2.12
60.1	0.013	13.59	0.26
62.87	0.005	15.67	0.1
65.66	0.004	13.55	0.08
68.53	0	12.19	0
71.08	0.016	11.67	0.32
73.95	0	10.05	0
76.82	0	10.83	0
79.67	0.001	10.69	0.02
78.2	0.217	9.74	4.34
78.53	0.127	10.67	2.54
80.76	0.032	10.43	0.64
83.55	0.004	10.4	0.08
86.04	0	12.16	0
88.53	0	12.21	0
91.02	0	11.59	0
93.51	0	13.45	0
89.88	0.306	12.82	6.12
91.39	0.049	11.35	0.98
93.72	0.008	11.45	0.16
96.19	0.001	12.1	0.02
87.66	0.551	11.27	11.02
89.97	0.009	16.55	0.18
90.88	0.079	12.95	1.58
91.81	0.078	12.95	1.56
75.54	7.504	13.38	18.76
77.89	0.007	14.05	0.14
78.38	0.1	14.05	2
80.87	0	16.97	0
80.6	0.138	16.38	2.76
80.97	0.106	14.34	2.12
80.78	0.134	13.35	2.68
83.07	0.01	13.61	0.2
78.78	0.339	13.48	6.78
80.97	0.015	15.59	0.3
82.14	0.066	11.02	1.32
84.55	0.004	13.93	0.08
85.28	0.088	8.51	1.76
87.43	0.017	9.34	0.34
80.18	0.487	10.15	9.74
80.41	0.113	14.28	2.26
82.9	0	14.13	0
85.39	0	11.41	0
84.58	0.165	16.8	3.3
86.21	0.011	14.11	0.22
88.02	0.002	10	0.04
89.87	0	11.04	0
91.72	0	16.09	0
93.57	0	14.47	0
95.42	0	15.81	0
94.45	0.141	15.93	2.82
94.82	0.074	12.77	1.48
96.21	0.023	9.04	0.46
98.06	0	9.82	0
99.91	0	11.87	0
96.1	0.283	15.41	5.66
97.59	0.018	15.64	0.36
99.4	0.002	13.33	0.04
99.99	0.063	9.59	1.26
100.54	0.065	7.47	1.3
102.21	0.009	8.71	0.18
104.06	0	12.48	0
105.75	0.008	12.47	0.16
106.6	0.05	11.46	1
108.43	0.001	12	0.02
109.68	0.03	15.24	0.6
111.07	0.023	14.26	0.46
112.54	0.019	6.36	0.38
114.15	0.012	11.95	0.24
113.18	0.141	9.53	2.82
115.03	0	12.45	0
116.44	0.022	7.23	0.44
114.71	0.179	9.51	3.58
115.82	0.037	12.74	0.74
115.21	0.079	10.15	1.58
116.18	0	11.08	0
117.15	0	10.96	0
118.12	0	8.2	0
119.09	0	9.57	0
120.06	0	10.62	0
116.33	0.235	12.04	4.7
116.58	0.036	10.11	0.72
117.19	0.018	6.88	0.36
93.28	9.952	11.88	24.88
51.53	17.088	7.83	42.72
47.06	0.272	6.99	5.44
47.93	0.005	8.63	0.1
48.9	0	5.98	0
49.87	0	7.79	0
50.84	0	11.55	0
51.63	0.009	8.89	0.18
52.6	0	10.08	0
51.43	0.107	9.99	2.14
52.06	0.017	8.78	0.34
51.53	0.075	7.64	1.5
51.78	0.036	6.59	0.72
48.55	0.21	3.71	4.2
26.24	9.312	5.55	23.28
26.97	0.012	9.07	0.24
24.58	0.168	9.66	3.36
23.37	0.109	12.02	2.18
21.7	0.132	12.78	2.64
14.29	0.419	9.8	8.38
9.44	0.291	11.28	5.82
10.31	0.005	9.48	0.1
9.03	0.087	8.22	1.74
3.05	0.322	6.03	6.44
1.85	0.083	8.86	1.66
1.99	0.016	9.48	0.32
2.35	0.005	5.24	0.1
2.25	0.028	6.32	0.56
0	5.51	6.39	8.22
0.46	0	6.51	0
0.56	0.018	5.23	0.36
0	4.56	7.23	5.58
0	3.96	8.2	4.42
0	3.6	5.7	4.06
0.34	0.006	5.38	0.12
0.42	0.019	7.32	0.38
0	3.16	5.04	4.04
0	5.38	2.06	5.84
0.28	0.009	0.6	0.18
0.74	0	-1.19	0
1.06	0.007	-0.31	0.14
1.52	0	2.7	0
1.86	0.006	3.14	0.12
2.18	0.007	0.48	0.14
0	0.1	3	2.74
0	19.08	0.55	19.54
0	24.04	1.32	24.5
0	23.5	2.51	23.96
0	8.18	2.24	8.64
0	6.92	0.25	7.38
0	0.16	0.4	0.62
0	0.54	0.94	1
0	7.98	3.51	8.14
0	19.4	5.34	19.56
0	16.28	5.23	16.44
0	4.22	4.46	4.38
0	8.28	3.61	8.44
0	0.14	3.41	0.3
0.04	0.006	-0.52	0.12
0	0.3	0.52	0.5
0	0.52	4.07	0.68
0.16	0	8.35	0
0	0.38	10.46	0.7
0.02	0.007	3.21	0.14
0	0	4.06	0.18
0.16	0	7	0
0	5.74	8.27	6.06
0	2.34	1.41	2.5
0	1.26	-0.77	1.42
0	1.28	-0.57	1.44
0.16	0	2.11	0
0	0.22	3.64	0.54
0	1.18	2.99	1.34
0	2.1	4.5	2.26
0.16	0	6.23	0
0	1.16	4.53	1.48
0	0.12	2.23	0.28
0	0.64	2.42	0.8
0	1.14	-1.94	1.3
0	0.3	-3.25	0.46
0	0.18	-4.2	0.34
0	3.78	-3.49	3.94
0	1.56	0.43	1.72
0	0.24	1.71	0.68
0	1.18	3.38	1.62
0.4	0.002	2.25	0.04
0.26	0.029	-0.21	0.58
0	3.66	-0.74	4.36
0	1.36	1.27	1.8
0	1.86	2	2.3
0.4	0.002	-0.21	0.04
0.6	0.012	0.23	0.24
0	0.2	6.19	1.24
0.36	0.004	3.73	0.08
0.34	0.023	5.59	0.46
0	3.92	6.48	4.7
0.38	0.003	3.37	0.06
0.16	0.033	1.89	0.66
0.52	0.004	4.63	0.08
0.72	0.012	0.49	0.24
0.66	0.025	5.64	0.5
0	0.82	6.89	1.92
0	1.58	2.94	2.02
0.44	0	4.12	0
0.88	0	3.08	0
1.32	0	4.32	0
1.76	0	6.07	0
2.12	0.004	2.99	0.08
2.56	0	1.96	0
2.04	0.048	1.91	0.96
1.92	0.028	3.09	0.56
2.36	0	2.92	0
2.72	0.004	-0.33	0.08
3.16	0	-0.23	0
3.66	0	-2.23	0
4.16	0	-2.64	0
4.66	0	0	0
5.16	0	4.74	0
5.66	0	3.9	0
6.16	0	5.55	0
4.76	0.095	8.83	1.9
3.02	0.112	2.64	2.24
3.1	0.021	-0.11	0.42
3.6	0	0.51	0
4.02	0.004	0.86	0.08
4.48	0.002	4.04	0.04
3.9	0.054	3.82	1.08
0.46	0.197	4.93	3.94
0.92	0.002	4.49	0.04
0	2.36	3.16	3.78
0	0.28	4.15	0.78
0	7.46	0.22	7.96
0	1.98	2.01	2.48
0	1.08	2.75	1.58
0	2.22	3.12	2.72
0.1	0.02	0.24	0.4
0	3.6	1.84	4.2
0	0.26	4.38	0.76
0	0.06	1.9	0.56
0	0.72	2.23	1.22
0	5.04	3.08	5.54
0	11.62	-1.52	12.12
0	4.73	-1.21	5.18
0	3.35	-4.84	3.8
0	2.31	-3.12	2.76
0	1.41	-2.25	1.86
0	0.41	-0.61	0.86
0.13	0.016	0.15	0.32
0	2.56	-0.1	3.14
0	0.05	4.44	0.5
0	9.13	2.03	9.58
0	3.31	1.63	3.76
0	2.33	0.36	2.78
0	2.05	-0.41	2.5
0	4.79	0.26	5.24
0	0.53	1.57	0.98
0	0.41	1.39	0.86
0	1.03	-0.01	1.48
0.11	0.017	2.37	0.34
0.52	0.002	2.94	0.04
0	0.17	3.92	1.14
0	0.09	1.59	0.54
0	0.55	-0.85	1
0	1.97	-2.94	2.42
0.17	0.014	1.91	0.28
0	7.84	2.62	8.46
0	6.85	4.68	7.3
0	2.97	7.98	3.42
0	2.23	9.13	2.68
0	0.91	5.66	1.36
0	1.05	3.23	1.5
0	6.13	3.11	6.58
0	7.89	3.78	8.34
0.49	0.051	7.55	1.02
1.78	0.011	3.29	0.22
0	1.69	1.54	4.98
1.33	0.009	2.39	0.18
2.48	0.018	2.8	0.36
3.43	0.028	5.43	0.56
2.28	0.133	3.58	2.66
0	7.67	2	11.46
0	0.11	2.14	1.62
1.39	0.006	1.49	0.12
2.6	0.015	6.43	0.3
4.05	0.003	6.19	0.06
4.9	0.033	7.48	0.66
6.41	0	6.2	0
7.84	0.004	3.72	0.08
9.29	0.003	6.67	0.06
10.72	0.004	6.17	0.08
11.29	0.047	6.05	0.94
12.56	0.012	4.79	0.24
13.85	0.011	6.01	0.22
15.36	0	7.09	0
16.87	0	8.02	0
18.38	0	7.56	0
19.73	0.008	6.63	0.16
21.06	0.009	9.68	0.18
22.57	0	9.34	0
23.88	0.01	7.27	0.2
25.39	0	6.16	0
26.78	0.006	7.78	0.12
25.87	0.121	4.84	2.42
25.33	0.134	6.35	2.68
22.99	0.224	3.72	4.48
25.13	0	10.75	0
26.61	0.033	10.11	0.66
28.71	0.002	13.86	0.04
27.53	0.166	9.28	3.32
29.67	0	11.06	0
31.23	0.029	10.59	0.58
33.37	0	11.06	0
35.51	0	12.26	0
36.53	0.056	10.45	1.12
37.65	0.051	7.05	1.02
38.27	0.076	4.5	1.52
36.53	0.194	7.2	3.88
36.57	0.105	6.93	2.1
36.65	0.103	9.77	2.06
32.35	0.322	12.2	6.44
33.41	0.054	12.97	1.08
32.53	0.151	10.19	3.02
25.05	0.481	8.31	9.62
25.13	0.103	7.02	2.06
27.01	0.013	6.5	0.26
28.77	0.019	4.75	0.38
29.91	0.05	7.13	1
29.33	0.136	6.41	2.72
25.23	0.312	6.66	6.24
25.17	0.11	9.95	2.2
25.27	0.102	10.88	2.04
24.89	0.126	5.79	2.52
25.33	0.085	6.33	1.7
26.35	0.056	7.03	1.12
29.25	0.001	11.62	0.02
32.17	0	14.16	0
33.71	0.069	12.2	1.38
36.63	0	12.21	0
39.55	0	13.49	0
42.31	0.008	14.88	0.16
45.23	0	14.31	0
48.15	0	13.56	0
51.07	0	13.91	0
53.99	0	14.02	0
54.01	0.145	16.31	2.9
56.25	0.034	15.58	0.68
59.17	0	14.54	0
62.09	0	11.65	0
64.95	0.003	13.1	0.06
67.81	0.003	16.78	0.06
65.87	0.243	15.74	4.86
62.97	0.291	15.26	5.82
61.29	0.23	14.49	4.6
62.23	0.099	11.69	1.98
61.91	0.162	10.74	3.24
63.43	0.07	11.82	1.4
64.15	0.11	12.37	2.2
63.29	0.189	11.79	3.78
66.21	0	9.59	0
69.13	0	8.33	0
72.05	0	9.75	0
74.97	0	11.54	0
77.79	0.005	15.4	0.1
77.11	0.18	15.39	3.6
80.14	0.005	14.15	0.1
67.87	0.77	15.27	15.4
71	0	14.69	0
74.13	0	15.7	0
77.26	0	16.62	0
80.19	0.01	18.91	0.2
83.32	0	14.63	0
83.85	0.13	12.29	2.6
79.18	0.39	15.53	7.8
81.61	0.035	11.81	0.7
84.74	0	13.84	0
87.87	0	16.42	0
91	0	11.27	0
94.13	0	12.27	0
97.26	0	15.44	0
100.39	0	15.66	0
103.52	0	21.58	0
106.65	0	18.39	0
109.78	0	18.8	0
112.91	0	17.48	0
111.48	0.228	19.03	4.56
114.53	0.004	17.95	0.08
117.66	0	17.88	0
120.79	0	16.86	0
119.92	0.2	18.43	4
118.73	0.216	18.94	4.32
111.98	0.494	18.05	9.88
112.35	0.138	17.6	2.76
115.26	0.011	17.19	0.22
117.67	0.036	16.83	0.72
114.16	0.332	14.58	6.64
111.66	0.241	13.67	4.82
112.34	0.082	13.09	1.64
114.6	0.003	14.09	0.06
116.92	0	16.11	0
119.2	0.002	19.19	0.04
121.42	0.005	20.25	0.1
123.74	0	13.6	0
125.48	0.029	11	0.58
127.1	0.035	12.28	0.7
124.16	0.263	12.32	5.26
126.26	0.011	12.69	0.22
127.72	0.043	12.02	0.86
129.82	0.011	12.05	0.22
132.04	0.005	13.33	0.1
134.28	0.004	11.54	0.08
135.4	0.06	10.08	1.2
124.2	0.676	14.26	13.52
107.62	7.56	14.94	18.9
108.1	0.092	16.15	1.84
107.96	0.123	13.45	2.46
110.24	0.002	13.48	0.04
111.24	0.066	13.76	1.32
111.94	0.081	14.65	1.62
114.26	0	14.14	0
116.54	0.002	11.3	0.04
118.54	0.016	13.49	0.32
119.42	0.072	12.29	1.44
121.7	0.002	10.21	0.04
123.88	0.007	11.27	0.14
126.2	0	12.23	0
122.72	0.29	15.57	5.8
120.94	0.181	15.04	3.62
122.66	0.006	9.93	0.12
124.5	0	12	0
126.34	0	13.83	0
113.78	0.72	11.99	14.4
115.48	0.007	14.63	0.14
117.1	0.011	11.8	0.22
118.9	0.002	10.61	0.04
120.74	0	10.22	0
122.58	0	11.25	0
124.34	0.004	15.7	0.08
126.14	0.002	15.9	0.04
126.2	0.089	15.92	1.78
116.88	0.558	12.74	11.16
118.72	0	14.6	0
120.52	0.002	12.07	0.04
122.36	0	14.22	0
122.6	0.08	11.34	1.6
122.9	0.077	12.37	1.54
124.44	0.015	14.04	0.3
126.28	0	17.52	0
124.94	0.159	15.53	3.18
126.7	0.004	12.88	0.08
120.52	0.401	12.11	8.02
121.76	0.03	13.08	0.6
123.28	0.016	13.33	0.32
123.7	0.071	13.18	1.42
125.54	0	14.23	0
126.98	0.02	10.53	0.4
123.86	0.248	10.21	4.96
107.6	0.864	8.47	17.28
97.7	0.546	9.85	10.92
96.52	0.11	10.83	2.2
97.16	0.019	9.1	0.38
95.88	0.115	7.61	2.3
95.96	0.047	11.08	0.94
96.94	0.002	10.4	0.04
97.34	0.031	11.41	0.62
98.32	0.002	12.56	0.04
95.4	0.197	7.18	3.94
79.64	0.839	9.06	16.78
80.48	0.009	10.51	0.18
81.46	0.002	9.53	0.04
82.48	0	10.47	0
83.46	0.002	9.03	0.04
84.38	0.005	6.84	0.1
78.5	0.345	8.66	6.9
72.14	0.369	10.12	7.38
54.26	7.56	10.73	18.9
40.04	0.762	10.44	15.24
39.04	0.101	10.38	2.02
39.76	0.015	8.37	0.3
40.7	0.004	7.82	0.08
30.02	0.585	7.41	11.7
8.3	9.096	9.32	22.74
4.78	0.227	9.68	4.54
2.6	0.16	6.27	3.2
1.86	0.088	8.99	1.76
0	0.76	9.26	3.64
0	1.5	10.45	2.52
0	8.36	5.27	9.38
0	1.1	3.62	1.66
0.48	0.004	4.14	0.08
1	0.002	4.53	0.04
1.56	0	6.31	0
2.12	0	10.03	0
2.68	0	10.74	0
0.96	0.114	9.38	2.28
0.96	0.028	6.63	0.56
1.38	0.007	4.95	0.14
0	1.56	4.71	3.5
0	0.72	3.6	1.28
0	0.5	7.09	1.06
0.4	0.008	6.57	0.16
0.94	0.001	4.75	0.02
0	12.04	5.08	13.54
0.26	0.015	3.6	0.3
0	4.84	2.78	5.66
0.54	0.001	2.36	0.02
0	4.74	2.15	5.84
0	0.16	1.92	0.72
0	0.02	5.13	0.58
0	0.94	3.94	1.5
0	5.58	2.57	6.14
0	6.26	6.06	6.82
0.28	0.014	5.63	0.28
0	5.2	6.27	6.04
0	0.96	5.5	1.52
0.44	0.006	7.86	0.12
0.5	0.025	7.6	0.5
0	4.9	8.88	5.96
0	1.73	6.87	2.06
0	10.33	5.78	10.66
0	2.63	6.77	2.96
0	0.45	5.9	0.78
0.01	0.016	5.4	0.32
0	2.36	3.26	2.7
0	0.79	1.87	1.12
0.31	0.001	3.27	0.02
0.52	0.006	3.92	0.12
0.53	0.016	5.5	0.32
0.56	0.015	4.35	0.3
0	5.75	4	6.64
0	3.93	7.12	4.26
0	0.15	6.58	0.48
0.33	0	4.22	0
0.54	0.006	0.21	0.12
0.87	0	0.6	0
1.16	0.002	-1.7	0.04
1.49	0	-0.41	0
1.74	0.004	0.29	0.08
1.95	0.006	1.95	0.12
2.24	0.002	5.31	0.04
2.57	0	3.12	0
2.86	0.002	-1.22	0.04
3.19	0	-2.79	0
3.46	0.003	-3.22	0.06
3.79	0	-2.09	0
2.6	0.076	0.62	1.52
0	5.93	3.72	8.86
0.13	0.01	5.25	0.2
0	12.88	3.65	13.34
0.34	0.015	2.95	0.3
0	0.16	4.78	1.14
0.14	0.025	5.52	0.5
0.24	0.027	6.91	0.54
0.62	0.013	5.12	0.26
1.1	0.008	4.9	0.16
0	4.14	4.4	5.88
0	3.76	4.86	4.4
0.1	0.027	3.5	0.54
0	9.98	0.9	10.72
0	5.46	2.42	6.1
0.1	0.027	6.73	0.54
0	2.22	5.78	2.96
0.5	0.007	4.75	0.14
0.48	0.033	6.01	0.66
0	0.04	1.22	1.16
0	1.68	0.05	2.32
0	2.66	1.36	3.3
0	4.84	1.37	5.48
0.26	0.019	2.74	0.38
0	3.94	1.13	4.84
0	1.66	0.41	2.3
0	2.5	0.23	3.14
0	0.36	0.83	1
0	0.16	1.68	0.8
0	2.2	1.67	2.84
0.36	0.014	5.61	0.28
0.54	0.023	6.68	0.46
1.1	0.004	8.16	0.08
1.34	0.02	4.61	0.4
1.58	0.02	8.11	0.4
1.8	0.031	10.8	0.62
2.64	0	6.08	0
3.42	0.003	5.73	0.06
3.58	0.034	2.18	0.68
4.04	0.019	1.15	0.38
1.58	0.165	0.41	3.3
0	0	-1.6	2.42
0	3.96	-2.04	4.8
0	2.6	-0.23	3.44
0	21.14	0.19	21.98
0	9.84	2.18	10.68
0	3.38	3.26	4.22
0.54	0.015	3.38	0.3
1.38	0	3.37	0
0	1.26	3.31	3.48
0.84	0	6.96	0
1.68	0	6.15	0
2.42	0.005	2.33	0.1
0.64	0.131	2.84	2.62
0	0.6	6.97	2.08
0	3.26	2.94	4.1
0	3.24	4.67	4.08
0.04	0.04	6.18	0.8
0	1.12	6.82	2
0	0.64	5.5	1.48
0	0.58	3.68	1.42
0	4.58	2.05	5.42
0	2.16	5.05	3
0	2.65	3.38	3.98
0	0.87	2.77	2.2
1.33	0	3.97	0
0	13.64	1.73	16.3
0	11.95	3.83	13.28
0.49	0.042	6.21	0.84
1.76	0.003	7.02	0.06
2.99	0.005	4.77	0.1
4.26	0.003	5.94	0.06
5.59	0	8.19	0
3.26	0.183	9.74	3.66
4.51	0.004	6.05	0.08
5.84	0	7.41	0
7.17	0	6.62	0
8.12	0.019	9.61	0.38
8.35	0.055	5.14	1.1
7.3	0.119	7.4	2.38
5.61	0.151	2.28	3.02
0	2.36	0.86	9.3
0	1.31	-0.21	2.64
0	0.81	0.75	2.14
1.33	0	4.64	0
2.64	0.001	3.79	0.02
3.97	0	3.96	0
5.22	0.004	5.97	0.08
6.49	0.003	5.83	0.06
7.82	0	6.06	0
0	3.45	6.17	12.6
1.25	0.004	4.37	0.08
2.58	0	6.83	0
3.91	0	5.68	0
6.21	0.007	5.49	0.14
8.51	0.007	3.96	0.14
10.95	0	7.27	0
13.39	0	9.25	0
15.83	0	10.99	0
18.27	0	6.85	0
20.71	0	8.93	0
23.15	0	8.16	0
25.57	0.001	11.58	0.02
28.01	0	12.02	0
30.45	0	11.52	0
32.89	0	11.73	0
35.33	0	9.12	0
37.77	0	11.91	0
40.21	0	13.15	0
42.39	0.013	9.36	0.26
44.41	0.021	6.36	0.42
45.27	0.079	7.5	1.58
47.09	0.031	6.99	0.62
47.97	0.078	5.3	1.56
46.35	0.203	8.46	4.06
48.01	0.039	13.45	0.78
50.23	0.011	11.64	0.22
44.61	0.403	13.42	8.06
46.61	0.022	13.36	0.44
49.05	0	9.47	0
51.37	0.006	8.61	0.12
53.81	0	6.93	0
56.25	0	7.36	0
58.69	0	9.14	0
60.93	0	8.34	0
63.09	0.004	9.53	0.08
65.33	0	8.77	0
67.57	0	8.43	0
69.73	0.004	12.15	0.08
71.89	0.004	11.06	0.08
72.79	0.067	9.02	1.34
74.13	0.045	8.5	0.9
56.27	8.04	8.26	20.1
55.95	0.128	6.55	2.56
49.55	0.432	4.39	8.64
50.41	0.069	7.22	1.38
49.95	0.135	6.75	2.7
48.07	0.206	5.91	4.12
50.31	0	5.93	0
52.29	0.013	7.24	0.26
54.29	0.012	10.98	0.24
53.83	0.135	11.84	2.7
55.99	0.004	9.75	0.08
56.07	0.108	8.7	2.16
57.25	0.053	8.32	1.06
59.49	0	9.53	0
61.73	0	12.96	0
63.51	0.023	12.88	0.46
65.51	0.012	7.22	0.24
66.51	0.062	6.75	1.24
66.43	0.116	6.11	2.32
63.27	0.27	6.1	5.4
38.77	10.696	7.52	26.74
31.89	0.456	10.55	9.12
34.09	0.002	12.21	0.04
36.72	0	10.89	0
39.01	0.017	10.93	0.34
39.92	0.086	13.63	1.72
42.41	0.007	12.55	0.14
45.02	0.001	12.17	0.02
47.65	0	11.48	0
44.7	0.279	11.71	5.58
47.33	0	14.34	0
49.86	0.005	14.51	0.1
52.49	0	14.94	0
55.12	0	14.46	0
46.89	0.543	11.32	10.86
49.32	0.01	8.46	0.2
51.95	0	6.72	0
50.94	0.182	9.59	3.64
49.79	0.189	9.67	3.78
50.78	0.082	10.89	1.64
53.41	0	12.57	0
54.4	0.082	12.71	1.64
48.33	0.435	14.1	8.7
46.18	0.239	14.9	4.78
33.25	0.778	13.44	15.56
0	1.52	12.2	37.4
0	6.41	10.04	9.04
0.55	0.104	9.86	2.08
3.08	0.005	9.63	0.1
1.23	0.224	8.44	4.48
0	11.2	8.82	15.06
0.29	0.117	10.75	2.34
0	10.02	9.98	12.94
0.85	0.088	12.74	1.76
2.08	0.069	15.17	1.38
0	13.83	14.13	18.52
0	0.69	14.16	3.3
0	4.49	13.73	7.1
0	0.73	14.09	3.34
0.99	0.081	12.74	1.62
3.6	0	14.37	0
6.21	0	11.38	0
8.66	0.008	12.76	0.16
11.27	0	14.84	0
13.3	0.029	13.36	0.58
0	4.91	13.09	20.82
2.25	0.018	13.71	0.36
0.62	0.212	12.95	4.24
0	4.39	12.94	7.62
0	4.33	14.3	6.94
0.01	0.13	12.21	2.6
2.54	0.004	10.98	0.08
5.15	0	11.54	0
0	7.22	9.85	14.98
0	2.37	11.66	4.98
0	6.87	13.09	9.48
2.01	0.03	13.11	0.6
0	0.46	14.35	5.08
0	1.23	14.29	3.84
2.55	0.003	12.52	0.06
3.22	0.097	12.89	1.94
2.51	0.166	10.68	3.32
5.06	0.003	12.26	0.06
5.41	0.113	14.31	2.26
7.55	0.004	16.14	0.08
9.01	0.038	11.8	0.76
8.59	0.132	11.79	2.64
10.67	0.007	16.43	0.14
0	33.43	13.98	46.32
0	0.46	12.98	2.68
1.94	0.014	11.24	0.28
4.16	0	12.13	0
6.26	0.006	11.15	0.12
8.12	0.018	12.06	0.36
0	2.84	12.44	13.18
0	2	14.32	4.22
2.08	0.007	12.98	0.14
2.36	0.097	10.31	1.94
4.24	0.017	12.76	0.34
6.38	0.004	11.93	0.08
7.98	0.031	11.26	0.62
0	16.76	10.65	26.96
1.98	0.012	10.22	0.24
4.06	0.007	10.34	0.14
6.16	0.006	13.37	0.12
8.26	0.006	13.61	0.12
10.4	0.004	14.02	0.08
12.6	0.001	17.48	0.02
14.62	0.01	16.1	0.2
16.84	0	13.37	0
18.48	0.029	11.29	0.58
18.82	0.094	10.29	1.88
19.56	0.074	10.93	1.48
21.72	0.003	14.23	0.06
23.88	0.003	14.47	0.06
24.96	0.023	13.62	0.46
25.96	0.027	13.55	0.54
27.22	0.014	8.29	0.28
28.38	0.019	10.26	0.38
29.92	0	16.16	0
31.46	0	16.23	0
33	0	14.79	0
34.54	0	13.62	0
35.52	0.028	11.41	0.56
37.06	0	12.16	0
37.98	0.031	10.59	0.62
39.36	0.008	13.44	0.16
40.52	0.019	12.05	0.38
40.72	0.067	9.8	1.34
37.76	0.225	7.93	4.5
26.64	0.633	9.12	12.66
20.38	0.39	7.45	7.8
21.3	0.031	6.15	0.62
22.78	0.003	9.37	0.06
24.3	0.001	10.3	0.02
25.84	0	9.49	0
27.2	0.009	11.17	0.18
25.58	0.158	13.89	3.16
20	0.356	11.3	7.12
15.06	0.324	7.7	6.48
15.04	0.078	5.71	1.56
16.58	0	5.11	0
17.36	0.038	7.28	0.76
18.9	0	8.8	0
20.3	0.007	8.3	0.14
21.25	0.002	11.68	0.04
22.24	0	8.46	0
20.71	0.126	8.26	2.52
21.7	0	12.03	0
22.69	0	9.75	0
23.32	0.018	10.49	0.36
24.31	0	7.18	0
22.66	0.132	8.27	2.64
23.25	0.02	8.89	0.4
24.1	0.007	12.59	0.14
25.03	0.003	13.76	0.06
26.02	0	13.93	0
27.01	0	9.34	0
28	0	11.34	0
28.99	0	10.5	0
29.98	0	9.78	0
30.71	0.013	5.8	0.26
31.7	0	4.61	0
32.65	0.002	6.74	0.04
33.64	0	7.71	0
34.63	0	6.76	0
35.58	0.002	10.36	0.04
36.57	0	6.88	0
37.5	0.003	5.21	0.06
38.49	0	3.91	0
39.24	0.012	6.33	0.24
26.93	0.665	8.12	13.3
27.76	0.008	8.81	0.16
28.57	0.009	5.95	0.18
29.28	0.014	6.32	0.28
30.27	0	8.52	0
29.87	0.049	13.97	0.98
30.45	0	12.62	0
31.03	0	9.28	0
29.07	0.127	6	2.54
28.63	0.051	6.06	1.02
29.21	0	7.78	0
28.81	0.049	8.68	0.98
26.69	0.135	6.97	2.7
21.37	0.295	4.68	5.9
13.95	0.4	6.78	8
12.75	0.089	3.27	1.78
9.45	0.194	2.28	3.88
8.85	0.059	3.32	1.18
9.41	0.001	5.55	0.02
9.99	0	3.31	0
10.43	0.007	4.11	0.14
5.31	0.285	4.69	5.7
0	2.05	5.14	7.94
0	15.78	5.2	16.36
0	12.24	5.52	12.82
0	34.04	5.32	34.62
0	2.02	4.52	2.6
0.1	0.024	2.26	0.48
0	1.86	2.04	2.54
0.58	0	2.54	0
0.32	0.042	2.43	0.84
0	3.48	5.59	4.38
0	16.68	4.46	17.26
0	1	3.26	1.58
0	13.32	4.07	13.9
0	0.37	2.04	0.6
0	1.27	1.88	1.5
0	1.93	1.48	2.16
0	1.65	6.86	1.88
0	1.37	6.63	1.6
0	0.87	6.8	1.1
0	2.33	4.24	2.56
0	14.85	0.8	15.08
0	8.61	1.24	8.84
0	0.09	2.17	0.32
0.15	0.004	1.28	0.08
0.38	0	2.48	0
0.61	0	6.14	0
0.84	0	5.94	0
1.07	0	4.31	0
1.3	0	-0.37	0
1.53	0	-3.84	0
1.76	0	-2.17	0
1.95	0.002	-2.61	0.04
2.14	0.002	-1.76	0.04
2.37	0	-4.32	0
2.58	0.001	-2.72	0.02
2.49	0.016	1.51	0.32
2.72	0	4.02	0
2.77	0.009	-0.49	0.18
1.04	0.098	2.03	1.96
0	8.03	6.1	9.3
0	0.35	4.28	0.58
0	0.61	2.5	0.84
0.17	0.003	1.5	0.06
0	3.86	0.97	4.26
0	8.2	4.42	8.68
0	2.94	3.88	3.42
0	19.3	0.31	19.78
0	21.56	1.59	22.04
0	0.18	2.44	0.66
0	0.06	3.69	0.54
0	0	-0.28	0.48
0	12.18	1.62	12.66
0	0.78	1.2	1.26
0	3.54	-0.38	4.02
0.48	0	1.03	0
0	2.44	0.15	3.4
0	5.84	1.68	6.32
0.42	0.003	2.57	0.06
0	2.1	0.27	3
0.28	0.01	1.08	0.2
0	3.28	0.28	4.04
0	0.74	4.49	1.22
0.48	0	2.9	0
0.82	0.007	2.04	0.14
1.3	0	0.59	0
0.72	0.053	1.99	1.06
0.08	0.056	4.09	1.12
0	3.52	4.68	4.08
0	10.52	4.93	11
0	1.54	7	2.02
0.48	0	6.9	0
0.28	0.034	7.34	0.68
0	5.24	3.44	6
0	4.12	2.25	4.6
0	7.84	2.11	8.32
0	13.98	1.14	14.88
0	0.78	-0.41	1.68
0	3.74	0.14	4.64
0.74	0.008	3.01	0.16
0	0.1	2.86	1.74
0.3	0.03	3.48	0.6
1	0.01	4.75	0.2
1.9	0	8.16	0
2.66	0.007	7.62	0.14
3.52	0.002	6.27	0.04
4.42	0	5.51	0
5.28	0.002	5.85	0.04
6.14	0.002	3.82	0.04
7.04	0	0.91	0
7.94	0	2.27	0
8.8	0.002	1.03	0.04
9.7	0	1.84	0
10.6	0	2.93	0
11.5	0	2.08	0
12.4	0	3.37	0
11.04	0.113	7.87	2.26
8.78	0.158	6.96	3.16
9.66	0.001	7.28	0.02
10.56	0	6.29	0
10.5	0.048	4.55	0.96
10.36	0.052	7	1.04
11.26	0	5.36	0
11.78	0.019	4.23	0.38
4.46	0.411	4.15	8.22
1.79	0.179	5.12	3.58
2.52	0.009	3.39	0.18
1.37	0.103	1.43	2.06
1.88	0.02	2.73	0.4
0.67	0.106	2.36	2.12
1.48	0.005	8.04	0.1
1.89	0.025	4.8	0.5
0	0.16	5.74	2.96
0	1.95	3.48	2.86
0	12.03	1.49	12.94
0.19	0.036	4.17	0.72
1.1	0	3.77	0
2.01	0	4.73	0
2.92	0	4.52	0
2.55	0.064	3.15	1.28
2.06	0.07	3.85	1.4
2.01	0.048	1.77	0.96
1.26	0.083	2.65	1.66
1.25	0.046	4.99	0.92
0	4.64	7.15	6.8
0	6.55	1.72	7.46
0	2.03	0.65	2.94
0	4.43	0.11	5.34
0	3.31	-1.49	4.22
0.63	0.014	-1.65	0.28
0	0.24	-1.76	1.78
0	4.61	1.57	5.52
0	1.09	2.16	2
0	3.05	5.11	3.96
0.59	0.016	4.83	0.32
0	1.34	4.16	2.84
0	0.5	7.31	2.06
1.52	0.002	8.31	0.04
0.7	0.119	9.68	2.38
0	1.16	8.09	3.42
0	6.3	2.96	7.86
0	16.78	0.76	18.34
0	6.44	2.26	8
0	6.66	2.17	8.22
0.46	0.055	3.08	1.1
0	6.92	1.83	8.94
0	5.18	4.17	6.74
0	1.4	4.62	2.96
0	2.7	5.2	4.26
0	0.94	3.79	2.5
0.98	0.029	2.86	0.58
2.24	0.015	2.16	0.3
3.8	0	2.55	0
5.36	0	4.33	0
6.92	0	3.7	0
8.48	0	5.14	0
10.04	0	5.83	0
11.6	0	4.86	0
12.48	0.034	7.17	0.68
13.4	0.032	6.66	0.64
14.56	0.02	7.04	0.4
15.88	0.012	12.23	0.24
8.32	0.456	7.63	9.12
4.84	0.252	7.32	5.04
0	0.4	6.46	6.8
0	11.16	6.64	12.72
0	2.1	8.4	4.68
2.1	0.024	6.87	0.48
4.68	0	8.5	0
7.16	0.005	11.64	0.1
9.7	0.002	12	0.04
12.28	0	11.9	0
14.86	0	11.24	0
17.44	0	11.29	0
20.02	0	10.92	0
15.7	0.345	14.52	6.9
15.16	0.156	13.53	3.12
17.68	0.003	11.95	0.06
20.26	0	10.4	0
22.84	0	9.68	0
25.42	0	10.27	0
27.38	0.031	9.33	0.62
29.86	0.005	8.19	0.1
32.42	0.001	5.24	0.02
35	0	5.23	0
37.52	0.003	7.18	0.06
40.1	0	6.25	0
42.32	0.018	10.16	0.36
44.58	0.016	8.25	0.32
47.16	0	8.7	0
49.74	0	9.14	0
52.32	0	8.55	0
54.58	0.016	9.9	0.32
45.58	0.579	10.44	11.58
46.62	0.077	14.6	1.54
48.74	0.023	12.11	0.46
51.32	0	12.57	0
45.69	0.416	10.47	8.32
47.58	0.04	12.89	0.8
45.71	0.228	12.96	4.56
48.4	0	13.2	0
51.09	0	11.26	0
53.78	0	13.55	0
56.47	0	15.09	0
59.16	0	14.78	0
61.85	0	12.94	0
64.12	0.021	12.48	0.42
65.31	0.075	10.76	1.5
66.6	0.07	8.91	1.4
66.67	0.131	8.75	2.62
65.1	0.213	8.15	4.26
67.33	0.023	8.77	0.46
67.16	0.143	9.79	2.86
69.49	0.018	10.7	0.36
70.8	0.069	11.73	1.38
71.67	0.091	10.37	1.82
73.56	0.04	10.93	0.8
58.05	7.28	8.4	18.2
55.02	0.286	10.65	5.72
56.59	0.056	10.52	1.12
53.34	0.297	7.64	5.94
52.29	0.187	11.75	3.74
54.92	0.003	11.38	0.06
57.39	0.011	12.66	0.22
60.06	0.001	14.76	0.02
62.59	0.008	13.15	0.16
65.1	0.009	11.3	0.18
59.44	0.428	16.34	8.56
62.2	0.007	14.9	0.14
65.1	0	12.75	0
68	0	14.43	0
70.76	0.007	12.44	0.14
72.24	0.071	13.08	1.42
70.4	0.237	12.24	4.74
68.36	0.247	11.7	4.94
66.9	0.218	12.3	4.36
51.1	7.48	10.45	18.7
52.86	0.057	10.87	1.14
55.04	0.036	11.19	0.72
57.68	0.013	13.72	0.26
60.52	0.003	17.84	0.06
63.42	0	15.57	0
65.42	0.045	13.45	0.9
58.88	0.472	12.07	9.44
59.46	0.116	13.34	2.32
60.44	0.096	11.67	1.92
62.94	0.02	10.85	0.4
65.84	0	14.4	0
68.74	0	17.26	0
71.64	0	18.11	0
74.5	0.002	16.71	0.04
77.4	0	15.18	0
80.3	0	18.03	0
81.98	0.061	16.76	1.22
82.64	0.112	17.71	2.24
85.26	0.014	16.73	0.28
88.16	0	15.77	0
82.98	0.404	18.16	8.08
79.66	0.286	16.61	5.72
79.4	0.133	14.15	2.66
74.34	0.373	13.2	7.46
76.48	0.013	13.58	0.26
77.22	0.083	12.07	1.66
63.9	0.786	11.04	15.72
65.24	0.053	11.98	1.06
67.32	0.016	10.7	0.32
59.92	0.49	11.11	9.8
57.44	0.244	14.44	4.88
59.7	0.007	13.63	0.14
58.58	0.176	12.58	3.52
60.78	0.01	14.11	0.2
63.16	0.001	11.44	0.02
65	0.028	13.45	0.56
67.1	0.015	13.26	0.3
68.16	0.067	15.19	1.34
51.72	7.536	14.53	18.84
48.54	0.279	14	5.58
42.44	0.425	13.84	8.5
29.86	0.749	12.16	14.98
30.06	0.11	11.82	2.2
31.5	0.048	12.59	0.96
33.68	0.011	14.97	0.22
34.3	0.089	15.88	1.78
36.46	0.012	10.46	0.24
38.74	0.006	14.87	0.12
41.14	0	16.23	0
43.54	0	14.66	0
45.94	0	17.19	0
44.96	0.169	15.91	3.38
46.31	0.014	13.52	0.28
47.7	0.012	9.13	0.24
44.23	0.255	10.11	5.1
41.84	0.201	9.54	4.02
43.47	0	8.44	0
43.92	0.059	10.12	1.18
45.39	0.008	10.95	0.16
46.84	0.009	10.94	0.18
39.03	0.472	10.44	9.44
36.26	0.22	13.13	4.4
37.87	0.001	14.22	0.02
36.26	0.162	12.9	3.24
36.01	0.094	12.88	1.88
35.58	0.103	13.96	2.06
23.29	0.696	11.75	13.92
19.4	0.276	10.44	5.52
20.97	0.003	10.99	0.06
15.46	0.357	11.46	7.14
17.07	0.001	12.41	0.02
18.64	0.003	12.68	0.06
20.21	0.003	12.92	0.06
21.8	0.002	8.23	0.04
23.43	0	8.03	0
25.06	0	9.95	0
26.69	0	10.33	0
28.2	0.006	10.89	0.12
28.65	0.059	12.94	1.18
30.26	0.001	7.61	0.02
31.41	0.024	8.97	0.48
32.98	0.003	8.17	0.06
30.18	0.18	6.58	3.6
14.88	0.805	4.94	16.1
14.58	0.055	4.69	1.1
13.7	0.084	5.8	1.68
14.48	0.001	6.15	0.02
13.5	0.089	5.68	1.78
1.16	0.657	9.98	13.14
1.86	0.005	9.83	0.1
0	1.06	7.07	3.72
0.46	0.017	14.02	0.34
1.24	0.001	10.73	0.02
2.04	0	6.76	0
2.04	0.04	9.4	0.8
2.76	0.004	6.06	0.08
3.56	0	6.7	0
3.88	0.024	5.58	0.48
4.38	0.015	8.29	0.3
3.34	0.092	8.68	1.84
1.28	0.143	8.65	2.86
0.48	0.08	9.24	1.6
0.78	0.025	4.08	0.5
1.42	0.008	5.25	0.16
1.42	0.04	9.24	0.8
1.88	0.017	6.76	0.34
2	0.034	8.94	0.68
2.26	0.027	6.14	0.54
0	3.18	3.43	6.24
0	0.94	0.89	1.74
0.68	0.006	2.5	0.12
0	8.66	0.74	10.14
0	3.56	2.01	4.36
0.39	0.003	2.23	0.06
0.84	0	4.07	0
0.65	0.032	2.66	0.64
1.06	0.002	3.99	0.04
0	0.97	2.69	2.48
0	4.53	5	4.98
0	3.01	7.27	3.46
0	5.25	7.84	5.7
0.01	0.022	3.94	0.44
0.08	0.019	3.55	0.38
0	5.91	4.66	6.44
0.35	0.005	6.23	0.1
0	0.74	7.31	1.54
0.19	0.013	10.15	0.26
0.4	0.012	8.4	0.24
0.85	0	4.23	0
0	0.18	2.36	1.48
0.45	0	5.65	0
0	0.28	9.92	1.18
0	6.87	5.78	7.32
0	5.55	0.12	6
0	3.17	-0.34	3.62
0	9.15	-0.61	9.6
0	2.89	0.5	3.34
0.17	0.014	5.6	0.28
0.14	0.024	6.42	0.48
0.59	0	5.4	0
1.04	0	-1.12	0
1.39	0.005	-3.55	0.1
0	2.42	-1.92	4.26
0	0.49	-1.34	0.7
0	0.73	-3.03	0.94
0	4.25	-2.87	4.46
0	17.89	-2.02	18.1
0	8.51	1.72	8.72
0.11	0.005	1.27	0.1
0.28	0.002	2.6	0.04
0.45	0.002	2.3	0.04
0	0.98	0.81	1.64
0	2.73	1.91	2.94
0.01	0.01	-0.32	0.2
0	8.22	1.06	8.44
0	25.95	3.15	26.16
0	2.55	2.98	2.76
0	0.99	2.67	1.2
0.01	0.01	3.49	0.2
0	0.34	5.33	0.56
0	0.61	4.67	0.82
0	0.51	4.62	0.72
0	0.93	6.97	1.14
0.21	0	5.84	0
0.42	0	6.69	0
0.15	0.024	1.78	0.48
0.36	0	0.89	0
0.53	0.002	1.4	0.04
0.74	0	0.94	0
0.91	0.002	-0.51	0.04
0	1.62	-0.83	2.74
0.15	0.003	0.84	0.06
0.36	0	-2.7	0
0.35	0.011	-3.73	0.22
0	0.18	-2.68	0.78
0.25	0	-2.43	0
0.14	0.018	-1.62	0.36
0	1.35	0.17	1.74
0.19	0.003	-2.56	0.06
0.12	0.016	-2.28	0.32
0.37	0	1.7	0
0.52	0.005	1.18	0.1
0.73	0.002	-0.31	0.04
0	1.18	4.4	2.16
0	1.27	7.49	1.52
0.23	0.001	6.38	0.02
0.48	0	1.5	0
0	3.11	-0.23	3.84
0	5.25	2.11	5.5
0	1.67	5.23	1.92
0	3.57	4.59	3.82
0	2.25	2.19	2.5
0	2.37	0.69	2.62
0	0.31	-1.61	0.56
0	11.85	-0.03	12.1
0.25	0	2.33	0
0.12	0.019	0.99	0.38
0	4.69	-0.44	5.06
0	2.35	0.55	2.6
0	0.15	0.1	0.4
0.25	0	0.65	0
0.46	0.002	1.54	0.04
0.15	0.028	0.92	0.56
0	6.16	3	6.56
0.25	0	3.75	0
0	0.09	2.16	0.94
0	9.68	-0.56	10.28
0	11.38	0.47	11.98
0	8.64	0.05	9.24
0	2.12	-0.85	2.72
0	8.94	-2.41	9.54
0	4.5	-0.39	5.1
0.4	0.01	-4.74	0.2
1	0	-7.46	0
0.9	0.035	-4.44	0.7
0	0.08	-3.33	1.58
0	7.06	-2.21	7.66
0.38	0.011	-1.41	0.22
0	0.8	0.48	1.78
0	1.92	4.12	2.52
0.34	0.013	7.01	0.26
0.06	0.044	9.64	0.88
0.48	0.009	6.62	0.18
0.9	0.009	5.07	0.18
0	0.76	5.81	2.26
0.56	0.002	7.05	0.04
0	0.2	6.82	1.36
0.5	0.005	8.02	0.1
0.68	0.021	5.42	0.42
1.06	0.011	5.79	0.22
0	0.9	7.15	2.56
0.5	0.005	7.8	0.1
1.06	0.002	5.86	0.04
2.35	0	6.06	0
3.44	0.01	4.38	0.2
0	1.93	1.91	6.66
0.21	0.054	2.18	1.08
1.24	0.013	-1.09	0.26
2.33	0.01	0.61	0.2
0	0.86	4.07	4.48
1.03	0.013	1.98	0.26
2.06	0.013	4.24	0.26
3.13	0.011	3.29	0.22
3.94	0.024	3.13	0.48
5.23	0	5.8	0
6.24	0.014	6.18	0.28
7.53	0	8.3	0
8.62	0.01	7.91	0.2
8.47	0.072	8.13	1.44
9.52	0.012	4.27	0.24
10.81	0	8.09	0
12.1	0	8.11	0
13.35	0.002	6.71	0.04
14.64	0	7.22	0
8.93	0.35	6.55	7
4.02	0.31	4.19	6.2
4.77	0.027	4.11	0.54
4.04	0.101	5.42	2.02
3.01	0.116	5.13	2.32
0	13.48	4.66	17.78
0.37	0.046	1.37	0.92
1.66	0	1.4	0
2.95	0	6.81	0
4.24	0	9.29	0
6.12	0.006	9.72	0.12
7.96	0.008	7.34	0.16
9.96	0	7.06	0
10.62	0.067	4.92	1.34
12.62	0	6.27	0
9.72	0.245	3.98	4.9
0	2.28	6.93	14
1.24	0.038	7.34	0.76
3.04	0.01	5.47	0.2
2.6	0.122	8.49	2.44
4.48	0.006	7.27	0.12
6.48	0	5.6	0
8.48	0	5.64	0
10.32	0.008	5.84	0.16
12.32	0	7.08	0
14.32	0	8.2	0
16.32	0	5.7	0
18.32	0	6.54	0
20.2	0.006	7.23	0.12
22.2	0	8.5	0
23.06	0.057	7.28	1.14
25.04	0.001	5.75	0.02
26.24	0.04	11.43	0.8
28.24	0	10.95	0
29.96	0.014	9.77	0.28
31.46	0.025	6.85	0.5
31.64	0.091	7.15	1.82
32.32	0.066	8.74	1.32
34.3	0.001	8.49	0.02
35.8	0.025	8.09	0.5
38.03	0.005	7.16	0.1
40.04	0.016	7.76	0.32
41.91	0.023	7.33	0.46
44.12	0.006	7.85	0.12
40.11	0.317	8.78	6.34
41.92	0.026	7.38	0.52
40.67	0.179	7.62	3.58
42.5	0.025	6.8	0.5
44.13	0.035	7.17	0.7
46.4	0.003	6.54	0.06
48.69	0.002	6.22	0.04
51.02	0	5.31	0
53.35	0	7.77	0
55.38	0.015	7.69	0.3
30.25	10.984	6.39	27.46
24.28	0.415	7.6	8.3
23.77	0.142	9.07	2.84
21.7	0.22	8.36	4.4
20.51	0.176	9.71	3.52
22.66	0.009	10.14	0.18
17.25	0.387	8.75	7.74
19.24	0.017	9.43	0.34
21.37	0.01	8.51	0.2
23.64	0.003	8.69	0.06
13.97	0.6	11.49	12
16.24	0.003	10.85	0.06
16.33	0.112	9.48	2.24
18.66	0	12.48	0
20.99	0	13.71	0
23.32	0	14.63	0
25.65	0	13.27	0
28.33	0	14.26	0
31.01	0	10.93	0
33.69	0	7.27	0
34.51	0.093	8.53	1.86
25.55	0.582	6.78	11.64
27.09	0.057	6.79	1.14
27.59	0.109	6.1	2.18
30.01	0.013	6.69	0.26
29.53	0.158	6.03	3.16
18.93	0.664	7.88	13.28
19.43	0.109	9.08	2.18
21.71	0.02	9.03	0.4
10.05	0.717	10.55	14.34
9.23	0.175	10.73	3.5
11.73	0.009	10.59	0.18
12.09	0.116	11.52	2.32
6.41	0.418	11.55	8.36
8.37	0.036	10.17	0.72
8.23	0.141	11.73	2.82
10.89	0.001	12.24	0.02
12.89	0.034	13.02	0.68
8.75	0.341	15.71	6.82
11.33	0.005	17.32	0.1
14.01	0	15.3	0
16.69	0	15.24	0
14.71	0.233	14.72	4.66
17.33	0.003	16.27	0.06
19.51	0.025	15.46	0.5
22.15	0.002	17.98	0.04
24.83	0	16.78	0
27.59	0.002	20.8	0.04
30.33	0.003	20.75	0.06
32.21	0.046	15.51	0.92
35.01	0	17.62	0
37.19	0.031	14.9	0.62
16.21	9.512	14.73	23.78
17.45	0.078	13.56	1.56
17.71	0.127	11.33	2.54
19.71	0.04	11.26	0.8
22.45	0.003	11.69	0.06
21.93	0.166	12.14	3.32
11.41	0.666	12.87	13.32
8.01	0.31	13.55	6.2
2.29	0.426	14.51	8.52
1.09	0.2	14.34	4
0	1.47	13.84	5.36
0	20.2	12.97	23
0.82	0.099	12.86	1.98
1.46	0.108	13.83	2.16
4.26	0	13.4	0
0	15.74	12.6	22.8
0	0.16	13.49	2.96
1.82	0.049	13.96	0.98
0	1.58	13.58	6.2
0.52	0.114	11.8	2.28
0	0.64	12.07	3.96
2.08	0.036	14.77	0.72
0	0	12.48	4.88
2.66	0.007	14.24	0.14
4.9	0.028	12.73	0.56
5.04	0.133	11.95	2.66
6.65	0.04	14.24	0.8
9	0.003	14.91	0.06
11.33	0.004	12.58	0.08
12.6	0.057	16.22	1.14
15.01	0	15.99	0
17.42	0	14.28	0
18.11	0.086	14.4	1.72
20.52	0	13.64	0
14.97	0.398	14.52	7.96
16.1	0.064	14.89	1.28
16.95	0.078	12.45	1.56
17.78	0.079	14.77	1.58
19.03	0.058	12.74	1.16
7.56	0.694	11.41	13.88
9.63	0.017	14.28	0.34
11.96	0.004	14.45	0.08
13.71	0.033	12.63	0.66
15.5	0.031	12.4	0.62
14.71	0.16	16.43	3.2
13.2	0.196	16.35	3.92
15.51	0.005	12.27	0.1
14.06	0.193	12.4	3.86
16.11	0.018	13.44	0.36
18.4	0.006	14.14	0.12
20.75	0.003	12.23	0.06
21.88	0.064	10.57	1.28
16.89	0.37	12.3	7.4
18	0.065	11.49	1.3
20.37	0.002	12.62	0.04
20.22	0.128	13.06	2.56
18.67	0.198	15.6	3.96
20.37	0	12.81	0
1.71	8.144	10.13	20.36
0	29.85	10.69	33.26
0.72	0.049	11.45	0.98
1.96	0.023	11.28	0.46
2.78	0.044	13.31	0.88
4.14	0.017	14.15	0.34
5.68	0.008	15.07	0.16
7.38	0	11.75	0
9.08	0	11.01	0
10.78	0	11.12	0
12.48	0	12.09	0
14	0.009	13.61	0.18
15.7	0	11.82	0
17.34	0.003	10.01	0.06
19.04	0	10.94	0
20.74	0	10.44	0
22.44	0	8.7	0
24.1	0.002	10.73	0.04
25.8	0	8.4	0
27.04	0.023	13.84	0.46
28.74	0	13.88	0
30.32	0.006	10.59	0.12
32.02	0	12.62	0
33.72	0	14.72	0
35.38	0.002	12.4	0.04
37.02	0.003	14.42	0.06
33.76	0.248	14.32	4.96
31.96	0.175	8.65	3.5
33.1	0.028	8.81	0.56
33.34	0.036	6.3	0.72
33.1	0.06	7.61	1.2
31.74	0.116	8.47	2.32
32.7	0	6.84	0
32.24	0.071	4.21	1.42
33.16	0.002	7.48	0.04
33.92	0.01	5.43	0.2
34.66	0.011	4.26	0.22
31.96	0.183	3.93	3.66
32.78	0.007	9.35	0.14
33.38	0.018	6.84	0.36
29.74	0.23	9.27	4.6
22.82	0.394	9.84	7.88
23.68	0.005	12.38	0.1
24.3	0.017	11.64	0.34
25.26	0	7.01	0
26.1	0.006	7.18	0.12
22.76	0.215	4.69	4.3
20.42	0.165	5.79	3.3
9.7	0.584	7.49	11.68
0	59.04	9.18	69.7
0	17.9	9.58	18.86
0	5.38	10.17	6.34
0	24.2	8.83	25.16
0	3.76	11.29	4.72
0	3.32	8.67	4.28
0	7.6	9.45	8.56
0.96	0	10.83	0
0.92	0.05	10.26	1
0	11.96	10.81	13.84
0	1.04	11.68	2
0	36.05	7.91	36.58
0	0.75	8.66	1.28
0	2.45	5.11	2.98
0	0.45	3.33	0.98
0.49	0.002	4.1	0.04
0.44	0.029	3.17	0.58
0.81	0.008	3.04	0.16
1.22	0.006	1.86	0.12
0	0.45	1.09	2.2
0	0.93	2	1.46
0	3.27	4.68	3.8
0	7.17	6.18	7.7
0	10.15	5.04	10.68
0	0.13	5.2	0.66
0.53	0	5.76	0
0	7.44	6.76	8.5
0.51	0.001	7.88	0.02
0	1.74	5.49	2.78
0	3.71	7.25	4.24
0.53	0	9.69	0
0	12.74	6.14	13.8
0	5.05	5.28	5.58
0.37	0.008	5.55	0.16
0	4.26	6.57	5.16
0	6.43	4.8	6.96
0.53	0	5.33	0
0.06	0.05	3.42	1
0	1.29	1.81	1.88
0	1.53	1.62	2.06
0.05	0.024	1.16	0.48
0	3.56	-1.72	3.62
0	0.21	0.38	0.22
0	4.99	3.49	5
0	0.71	3.82	0.72
0	6.03	2.25	6.04
0	0.15	5.49	0.16
0	0.33	5.12	0.34
0	0.77	3.4	0.78
0.01	0	3.52	0
0	0.02	1.7	0.04
0	0.03	-1.07	0.04
0.01	0	-2.95	0
0	1.3	-0.47	1.32
0	5.03	1.85	5.04
0	3.83	4.6	3.84
0	4.65	4.57	4.66
0	1.27	0.24	1.28
0	4.23	-1.87	4.24
0	1.77	-0.93	1.78
0	2.03	-3	2.04
0	0.75	-4.09	0.76
0	8.79	-2.47	8.8
0	3.65	-2.09	3.66
0	5.91	-2.79	5.92
0	0.31	-1.8	0.32
0.01	0	-4.61	0
0	0.34	-4.42	0.36
0.01	0	-5.49	0
0	8.48	-4.74	8.5
0	8.07	-4.16	8.08
0	7.29	-2.01	7.3
0	16.82	-2.83	16.82
0	1.78	-0.85	1.78
0	0.12	-5.18	0.12
0	8.92	-2.32	8.92
0	3.4	-3.65	3.4
0	3.5	-6.28	3.5
0	1.3	-5.43	1.3
0	1.32	-6.14	1.32
0	0.48	-6.08	0.48
0	0.14	-3.25	0.14
0	1.98	-4.83	1.98
0	4.98	1.17	4.98
0	5.06	0.95	5.06
0	1.96	1.74	1.96
0	19.38	1.79	19.38
0	6.76	2.79	6.76
0	0.04	2.68	0.04
0	0	3.37	0
0	1.04	-0.86	1.04
0	1.32	-1.31	1.32
0	7.84	1.82	7.84
0	3.2	3.16	3.2
0	12.8	1.95	12.8
0	3.3	1.35	3.3
0	0.1	0.23	0.1
0	0.66	3.23	0.66
0	2.04	4.41	2.04
0	8.58	1.73	8.58
0	1.24	-1.61	1.24
0	0.74	-0.85	0.74
0	0.86	-0.51	0.86
0	1.51	-0.88	1.52
0	3.11	-0.12	3.12
0	0.17	-0.23	0.18
0	3.45	0.65	3.46
0	6.93	1.32	6.94
0	2.77	3.55	2.78
0	1.53	2.04	1.54
0	1.79	0.7	1.8
0	3.21	1.35	3.22
0	0.45	1.28	0.46
0	0.77	1.32	0.78
0.01	0	1.19	0
0	0.52	2.26	0.54
0	1.57	3	1.58
0	3.47	2.79	3.48
0	9.79	-0.8	9.8
0	1.63	-1.73	1.64
0	0.49	-4.23	0.5
0	0.29	-3.91	0.3
0	0.15	-3.7	0.16
0	0.63	-4.82	0.64
0	0.07	-5.26	0.08
0	2.59	-4.72	2.6
0	44.83	-4.42	44.84
0	30.47	-0.51	30.48
0	12.85	0.75	12.86
0	1.33	1.1	1.34
0	1.53	1.42	1.54
0.86	0.008	-1.64	0.16
1.84	0.002	0.19	0.04
2.86	0	-3.64	0
3.52	0.018	-2.21	0.36
3.68	0.043	-0.3	0.86
4.46	0.012	3.82	0.24
5.48	0	3.37	0
6.5	0	3.57	0
7.52	0	1.4	0
8.48	0.003	1.07	0.06
6.86	0.132	3.18	2.64
7.64	0.012	4.06	0.24
6.56	0.105	5.7	2.1
2.86	0.236	6.09	4.72
3.64	0.012	6.52	0.24
4.64	0.001	4.27	0.02
5.66	0	6.87	0
6.52	0.008	8.55	0.16
7.54	0	8.33	0
8.56	0	4.94	0
9.42	0.008	4.96	0.16
10.28	0.008	4.32	0.16
11.3	0	3.77	0
11.8	0.026	3.57	0.52
6.48	0.317	2.19	6.34
7.22	0.014	4.88	0.28
7.9	0.017	5.78	0.34
6.82	0.105	4.73	2.1
1.08	0.338	1.26	6.76
0	14.84	0.3	16.94
0	13.96	0.72	14.98
0.77	0.06	2.69	1.2
0	1.4	0.62	4.14
1.01	0.048	3.97	0.96
1.74	0.062	4.46	1.24
3.63	0.004	5.29	0.08
3.98	0.081	6.81	1.62
5.91	0.002	4.91	0.04
7.54	0.017	6.4	0.34
9.51	0	7.82	0
11.48	0	9.8	0
13.45	0	9.47	0
15.42	0	6.9	0
17.39	0	7.74	0
19.36	0	6.84	0
21.33	0	7.81	0
23.3	0	8.76	0
22.27	0.15	7.2	3
23.68	0.028	4.42	0.56
21.41	0.212	3.02	4.24
23.02	0.018	3.69	0.36
24.79	0.01	4.03	0.2
25.56	0.06	3.91	1.2
18.39	0.457	4.39	9.14
20.36	0	7.85	0
21.77	0.028	8.88	0.56
23.74	0	10.04	0
21.67	0.202	9.39	4.04
23.6	0.002	11.81	0.04
25.49	0.004	10.62	0.08
20.14	0.366	8.07	7.32
22.08	0.017	5.79	0.34
23.66	0.035	3.65	0.7
25.72	0.011	3.34	0.22
27.34	0.033	6	0.66
28.82	0.04	9.88	0.8
29.46	0.082	7.65	1.64
31.74	0	7.73	0
33.2	0.041	4.58	0.82
34.96	0.026	7.54	0.52
34.78	0.123	3.79	2.46
33.84	0.161	3.22	3.22
36.1	0.001	4.21	0.02
37.38	0.05	4.5	1
39.28	0.019	8.05	0.38
41.56	0	7.08	0
41.26	0.129	9.28	2.58
43.34	0.01	8.34	0.2
45.56	0.003	9.65	0.06
47.84	0	11.64	0
50.12	0	14.83	0
16.78	14.248	16.32	35.62
18.26	0.04	16.46	0.8
12.64	0.395	16.12	7.9
14.02	0.045	11.39	0.9
14.74	0.078	6.29	1.56
14.12	0.145	6.05	2.9
10.82	0.279	6.63	5.58
10.2	0.145	6.54	2.9
0.3	0.609	7.3	12.18
0	0.22	8.36	2.8
1.98	0.015	9.2	0.3
4.91	0	10.75	0
7.84	0	11.21	0
10.77	0	11.65	0
13.7	0	11.13	0
8.25	0.419	13.06	8.38
5.04	0.307	11.6	6.14
3.61	0.218	10.47	4.36
0	4.28	10.01	10.82
2.49	0.022	10.23	0.44
5.42	0	9.75	0
8.15	0.01	11.12	0.2
9.34	0.087	10.32	1.74
8.67	0.18	9.36	3.6
11.6	0	8.09	0
14.53	0	9.57	0
15.2	0.113	13.52	2.26
18.13	0	16.53	0
21.06	0	12.01	0
23.99	0	9.52	0
26.92	0	11.42	0
29.85	0	15.24	0
32.78	0	15.38	0
35.67	0.002	15.29	0.04
38.6	0	13.29	0
41.53	0	14.47	0
44.46	0	13.19	0
46.95	0.022	13.39	0.44
49.88	0	14.6	0
52.81	0	14.15	0
55.46	0.014	13.94	0.28
44.18	0.704	15.4	14.08
46.74	0.012	16.16	0.24
48.24	0.065	14.9	1.3
48.6	0.122	15.31	2.44
51.34	0.003	12.53	0.06
52.54	0.08	11.88	1.6
55.34	0	13.95	0
58.14	0	13.89	0
60.18	0.038	13.42	0.76
57.76	0.261	12.91	5.22
60.5	0.003	14.98	0.06
60.76	0.127	10.97	2.54
63.56	0	10.45	0
36.7	11.864	10.2	29.66
34.42	0.254	13.63	5.08
36.4	0.041	13.08	0.82
39.12	0.004	14.26	0.08
41.92	0	13.25	0
39.12	0.28	13.67	5.6
23.24	7.472	14.69	18.68
9.28	0.838	12.11	16.76
12.08	0	11.49	0
14.88	0	10.92	0
17.68	0	11.74	0
20.2	0.014	13.87	0.28
18.8	0.21	14.09	4.2
20.48	0.056	14.41	1.12
19.94	0.167	13.14	3.34
22.66	0.004	13.42	0.08
25.4	0.003	11.57	0.06
21.3	0.345	13.73	6.9
22.52	0.054	13.01	1.08
24.64	0.009	12.57	0.18
26.88	0.003	14.71	0.06
27.98	0.06	13.5	1.2
28.06	0.111	13.76	2.22
27.92	0.122	11.47	2.44
30.1	0.006	15.23	0.12
29.68	0.136	13.54	2.72
25.62	0.318	13.28	6.36
23.28	0.232	10.23	4.64
12.48	0.655	10.91	13.1
13.38	0.07	12.16	1.4
15.68	0	13.46	0
17.98	0	13.96	0
20.28	0	12.71	0
16.5	0.304	13.68	6.08
17.7	0.055	14.36	1.1
19.78	0.011	11.05	0.22
21.48	0.03	12.41	0.6
23.16	0.031	15.51	0.62
25.26	0.01	15.58	0.2
26.1	0.073	14.03	1.46
11.76	0.832	11.46	16.64
11.76	0.115	11.73	2.3
12.66	0.07	11.28	1.4
13.06	0.095	10.59	1.9
10.48	0.244	10.77	4.88
3.78	0.45	10.29	9
1.02	0.253	8.5	5.06
3.32	0	11.13	0
5.62	0	10.62	0
6.29	0.048	9.74	0.96
7.92	0	12.49	0
9.55	0	11.27	0
11.14	0.002	12.56	0.04
12.73	0.002	13.63	0.04
14.36	0	13.2	0
0	13.27	12.14	29.26
0.33	0.065	12.7	1.3
1.68	0.014	13.47	0.28
0	1.13	12.57	4.44
0.41	0.061	10.12	1.22
0	0.36	10.86	2.4
0	2.29	13.52	3.92
0	4.15	11.09	5.78
0	1.37	8.5	3
0.59	0.052	9.32	1.04
0.58	0.082	7.94	1.64
0	7.47	8.39	9.68
0	4.65	9.5	6.28
1.27	0.018	11.04	0.36
2.34	0.028	11.29	0.56
0	13.45	13.73	17.42
0	4.93	10.06	6.56
0.47	0.058	6.63	1.16
2.1	0	6.66	0
3.69	0.002	8.03	0.04
4.22	0.055	5.63	1.1
1.55	0.215	8.46	4.3
0	15.12	11.15	18.3
1.23	0.02	8.69	0.4
0	12.46	9.69	14.6
0	2.75	7.73	3.66
0.55	0.018	10.03	0.36
1.18	0.014	8.79	0.28
1.81	0.014	11.61	0.28
2.72	0	10.88	0
3.59	0.002	9.07	0.04
2.82	0.084	9.11	1.68
3.51	0.011	10.58	0.22
4.4	0.001	9.44	0.02
5.13	0.009	8.38	0.18
6.04	0	4.87	0
6.77	0.009	6.53	0.18
7.38	0.015	8.8	0.3
0.53	0.388	9.3	7.76
1.04	0.02	7.94	0.4
1.95	0	5.23	0
0	1.18	7.2	4.04
0	3.77	3.76	4.68
0	2.79	2.25	3.7
0	9.27	1.78	10.18
0	7.59	1.86	8.5
0	5.79	3.24	6.7
0	0.67	3.54	1.58
0	4.29	3.54	5.2
0	0.05	7.88	0.96
0.85	0.003	9.11	0.06
0.82	0.047	8.56	0.94
0	1.63	10.23	3.36
0.91	0	7.48	0
1.82	0	4.5	0
0	2.25	3.78	4.34
0	1.91	5.01	2.18
0	0.83	6.29	1.1
0	1.73	5.01	2
0	0.59	4.62	0.86
0	0.51	2.16	0.78
0	11.21	2.25	11.48
0	19.01	3.42	19.28
0	0.73	3.16	1
0	6.33	2.51	6.6
0	0.63	1.56	0.9
0	0.51	5.43	0.78
0	0.01	3.75	0.28
0	0.37	1.38	0.64
0.15	0.006	1.03	0.12
0	0.36	0.78	0.78
0	5.91	1.58	6.18
0	17.21	5.59	17.48
0	10.67	6.69	10.94
0	2.03	3.57	2.3
0	7.37	1.91	7.64
0	6.03	2.76	6.3
0	8.89	2.3	9.16
0	8.19	0.48	8.46
0	10.11	-1.1	10.38
0	11.03	-1.82	11.3
0	13.51	-3.53	13.78
0	6.13	-4.17	6.4
0	4.25	-3.43	4.52
0	7.11	-5.57	7.38
0	7.58	-5.67	7.58
0	2.3	-4.95	2.3
0	0.94	-7.72	0.94
0	4.28	-4.43	4.28
0	0.76	-3.01	0.76
0	0	-3.98	0
0	0	-5.46	0
0	0.72	-3.26	0.72
0	0.72	0.19	0.72
0	0.18	4.04	0.18
0	0.1	5.26	0.1
0	0.02	1.76	0.02
0	0.98	0.16	0.98
0	1.22	1.02	1.22
0	4.16	3.99	4.16
0	5.58	-1.67	5.58
0	0.78	-3.86	0.78
0	3.62	-7.9	3.62
0	3.24	-6.4	3.24
0	0.42	-5.16	0.42
0	0	-8.29	0
0	1.06	-9.19	1.06
0	0	-7.35	0
0	0	-3.99	0
0	0.04	-4.05	0.04
0	0.78	-2.99	0.78
0	2.18	-1.69	2.18
0	2.56	1.7	2.56
0	0	2.01	0
0	0.32	1.73	0.32
0	0.56	3.48	0.56
