Tarland Burn 01-01-1981 to 31-12-2010, INCA-P v1.4.1
Seminatural,ImprovedGrass,Arable,OldAgricultural
SN,IG,AR,OA
0	0	0	0	
0.01	0.01	0.01	0.01	
0	0	0	0	
0	0.1	0.1	0.1	
873	873	873	873	
0	585	585	585	
0	0	0	0	
1	1	1	1	
1/1/1981
10957
205	205	205	205	
0	0	0	0	
0	0	0	0	
0	0	0	0	
0	0	0	0	
0	0	0	0	
100	100	100	100	
0	0	0	0	
2	2	2	2	
0	0	0	0	
0.0005	0.003	0.009	0.0005	
1	1	1	1	
1	1	1	1	
365	365	365	365	
0	0	0	0	
3	3	3	3	
0.3	0.3	0.3	0.3	
4.5	4.5	4.5	4.5	
1	1	1	1	
365	365	365	365	
0	0	0	0	
0	0	0	0	
0	0	0	0	
0	0	0	0	
0	0.034	0.034	0	
-0.025	-0.025	-0.025	-0.025	
2	2	2	2	
20	20	20	20	
0.7	0.7	0.7	0.7	
6.6	6.6	6.6	6.6	
0.66	0.66	0.66	0.66	
0.34	0.34	0.34	0.34	
0	1	1	1	
0	0	0	0	
0	14	14	5	
0	0	0	0	
1	1	1	1	
0	0	0	0	
5850	5850	5850	5850	
5	5	5	5	
0.07	0.07	0.07	0.07	
740	1275	1275	1275	
1	1	1	1	
0	0.0384	0.0384	0.0137	
2.6	2.6	2.6	2.6	
1	1	1	1	
14	3	3	3	
2.2	2.2	2.2	2.2	
0.071
0
0
0
0.0031
0
0
5
0
0
0
0
0
0
1
1
3
4
1
Blackmill
7.18
43.0	32.8	24.2	0
0.7	0.05	0.005	1	0	0.15	0.01	0	0.15	
0.0025	65	1000	1	0.01	0	1	1	1000	0.01	0.01	1	
0	0	0	0	
2793	1.9	1	0.5	0.5	
0	0	0	0	0	2.8e-05	0	1	2e-08	0	0	
57.1	-2.8	1	1	1	0	0	0	0	1	1	0	
1	10	1	0	0	0	0	1	1	6.2	0	0.5	
0	0	0	0.5	0	1
2
Tarland
19.61
51.0	29.4	19.6	0
0.7	0.05	0.005	1	0	0.15	0.01	0	0.15	
0.0025	65	1000	1	0.01	0	1	1	1000	0.01	0.01	1	
0	0	0	0	
2910	2.5	0.1	0.5	0.5	
0	0	0	0	0	7.5e-05	0	1	2e-08	0	0	
57.1	-2.8	1	1	1	0	0	0	0	1	1	0	
1	10	1	0	0	0	0	1	1	6.2	0	0.5	
0	0	0	0.5	0	1
3
Below_STW
4.42
46.2	40.5	13.3	0	
0.7	0.05	0.005	1	0	0.15	0.01	0	0.15	
0.0025	65	1000	1	0.01	0	1	1	1000	0.01	0.01	1	
0	0	0	0	
1252	2.5	0.3	0.5	0.5	
0	0	0	0	0	0.0013	0	1	2e-08	0	0	
57.1	-2.8	1	1	1	0	0	0	0	1	1	0	
1	10	1	0	0	0	0	1	1	3	0	0.5	
0	0	0	1	0	1
4
Coull
19.43
42.8	34.1	23.1	0
0.7	0.05	0.005	1	0	0.15	0.01	0	0.15	
0.0025	65	1000	1	0.01	0	1	1	1000	0.01	0.01	1	
0	0	0	0	
2339	3.8	0.15	0.5	0.5	
0	0	0	0	0	7.5e-05	0	1	2e-08	0	0	
57.1	-2.8	1	1	1	0	0	0	0	1	1	0	
1	10	1	0	0	0	0	1	1	6.2	0	0.5	
0	0	0	1	0	1
